-1 0.0384615
-0.99 0.0391194
-0.98 0.0396242
-0.97 0.0399914
-0.96 0.0402369
-0.95 0.0403762
-0.94 0.040425
-0.93 0.040399
-0.92 0.0403137
-0.91 0.0401849
-0.9 0.0400282
-0.89 0.0398593
-0.88 0.0396938
-0.87 0.0395474
-0.86 0.0394357
-0.85 0.0393743
-0.84 0.039379
-0.83 0.0394654
-0.82 0.0396491
-0.81 0.0399458
-0.8 0.0403712
-0.79 0.0409408
-0.78 0.0416704
-0.77 0.0425756
-0.76 0.0436721
-0.75 0.0449755
-0.74 0.0465014
-0.73 0.0482656
-0.72 0.0502836
-0.71 0.0525712
-0.7 0.0551439
-0.69 0.0580175
-0.68 0.0612075
-0.67 0.0647297
-0.66 0.0685997
-0.65 0.0728332
-0.64 0.0774457
-0.63 0.082453
-0.62 0.0878707
-0.61 0.0937145
-0.6 0.1
-0.59 0.106737
-0.58 0.11391
-0.57 0.121497
-0.56 0.129479
-0.55 0.137833
-0.54 0.146538
-0.53 0.155573
-0.52 0.164917
-0.51 0.174549
-0.5 0.184447
-0.49 0.194591
-0.48 0.204958
-0.47 0.215528
-0.46 0.226279
-0.45 0.237191
-0.44 0.248241
-0.43 0.25941
-0.42 0.270675
-0.41 0.282016
-0.4 0.29341
-0.39 0.304838
-0.38 0.316278
-0.37 0.327707
-0.36 0.339107
-0.35 0.350454
-0.34 0.361728
-0.33 0.372908
-0.32 0.383972
-0.31 0.394899
-0.3 0.405668
-0.29 0.416258
-0.28 0.426648
-0.27 0.436816
-0.26 0.446741
-0.25 0.456401
-0.24 0.465777
-0.23 0.474845
-0.22 0.483586
-0.21 0.491978
-0.2 0.5
-0.19 0.507634
-0.18 0.514876
-0.17 0.521727
-0.16 0.528186
-0.15 0.534254
-0.14 0.53993
-0.13 0.545215
-0.12 0.550109
-0.11 0.554611
-0.1 0.558721
-0.09 0.56244
-0.08 0.565768
-0.07 0.568704
-0.06 0.571248
-0.05 0.573401
-0.04 0.575163
-0.03 0.576533
-0.02 0.577512
-0.01 0.578099
7.5287e-16 0.578295
0.01 0.578099
0.02 0.577512
0.03 0.576533
0.04 0.575163
0.05 0.573401
0.06 0.571248
0.07 0.568704
0.08 0.565768
0.09 0.56244
0.1 0.558721
0.11 0.554611
0.12 0.550109
0.13 0.545215
0.14 0.53993
0.15 0.534254
0.16 0.528186
0.17 0.521727
0.18 0.514876
0.19 0.507634
0.2 0.5
0.21 0.491978
0.22 0.483586
0.23 0.474845
0.24 0.465777
0.25 0.456401
0.26 0.446741
0.27 0.436816
0.28 0.426648
0.29 0.416258
0.3 0.405668
0.31 0.394899
0.32 0.383972
0.33 0.372908
0.34 0.361728
0.35 0.350454
0.36 0.339107
0.37 0.327707
0.38 0.316278
0.39 0.304838
0.4 0.29341
0.41 0.282016
0.42 0.270675
0.43 0.25941
0.44 0.248241
0.45 0.237191
0.46 0.226279
0.47 0.215528
0.48 0.204958
0.49 0.194591
0.5 0.184447
0.51 0.174549
0.52 0.164917
0.53 0.155573
0.54 0.146538
0.55 0.137833
0.56 0.129479
0.57 0.121497
0.58 0.11391
0.59 0.106737
0.6 0.1
0.61 0.0937145
0.62 0.0878707
0.63 0.082453
0.64 0.0774457
0.65 0.0728332
0.66 0.0685997
0.67 0.0647297
0.68 0.0612075
0.69 0.0580175
0.7 0.0551439
0.71 0.0525712
0.72 0.0502836
0.73 0.0482656
0.74 0.0465014
0.75 0.0449755
0.76 0.0436721
0.77 0.0425756
0.78 0.0416704
0.79 0.0409408
0.8 0.0403712
0.81 0.0399458
0.82 0.0396491
0.83 0.0394654
0.84 0.039379
0.85 0.0393743
0.86 0.0394357
0.87 0.0395474
0.88 0.0396938
0.89 0.0398593
0.9 0.0400282
0.91 0.0401849
0.92 0.0403137
0.93 0.040399
0.94 0.040425
0.95 0.0403762
0.96 0.0402369
0.97 0.0399914
0.98 0.0396242
0.99 0.0391194
