-1 0.0384615
-0.99 0.0392135
-0.98 0.0399906
-0.97 0.0407932
-0.96 0.0416218
-0.95 0.042477
-0.94 0.0433592
-0.93 0.0442689
-0.92 0.0452066
-0.91 0.0461728
-0.9 0.047168
-0.89 0.0481927
-0.88 0.0492474
-0.87 0.0503326
-0.86 0.0514487
-0.85 0.0525963
-0.84 0.0537759
-0.83 0.0549879
-0.82 0.0562328
-0.81 0.0575112
-0.8 0.0588235
-0.79 0.0601712
-0.78 0.061559
-0.77 0.0629928
-0.76 0.0644784
-0.75 0.0660215
-0.74 0.0676279
-0.73 0.0693034
-0.72 0.0710537
-0.71 0.0728847
-0.7 0.0748021
-0.69 0.0768117
-0.68 0.0789193
-0.67 0.0811306
-0.66 0.0834515
-0.65 0.0858876
-0.64 0.0884448
-0.63 0.0911289
-0.62 0.0939456
-0.61 0.0969007
-0.6 0.1
-0.59 0.103249
-0.58 0.106653
-0.57 0.110217
-0.56 0.113945
-0.55 0.117843
-0.54 0.121916
-0.53 0.126168
-0.52 0.130604
-0.51 0.135229
-0.5 0.140049
-0.49 0.145067
-0.48 0.15029
-0.47 0.155721
-0.46 0.161366
-0.45 0.16723
-0.44 0.173317
-0.43 0.179633
-0.42 0.186182
-0.41 0.192969
-0.4 0.2
-0.39 0.207291
-0.38 0.214911
-0.37 0.22294
-0.36 0.231458
-0.35 0.240547
-0.34 0.250286
-0.33 0.260755
-0.32 0.272037
-0.31 0.28421
-0.3 0.297356
-0.29 0.311554
-0.28 0.326886
-0.27 0.343432
-0.26 0.361272
-0.25 0.380487
-0.24 0.401157
-0.23 0.423363
-0.22 0.447185
-0.21 0.472704
-0.2 0.5
-0.19 0.529086
-0.18 0.559703
-0.17 0.591524
-0.16 0.624222
-0.15 0.65747
-0.14 0.690942
-0.13 0.724311
-0.12 0.757249
-0.11 0.789431
-0.1 0.820529
-0.09 0.850216
-0.08 0.878166
-0.07 0.904052
-0.06 0.927547
-0.05 0.948323
-0.04 0.966055
-0.03 0.980416
-0.02 0.991078
-0.01 0.997715
7.5287e-16 1
0.01 0.997715
0.02 0.991078
0.03 0.980416
0.04 0.966055
0.05 0.948323
0.06 0.927547
0.07 0.904052
0.08 0.878166
0.09 0.850216
0.1 0.820529
0.11 0.789431
0.12 0.757249
0.13 0.724311
0.14 0.690942
0.15 0.65747
0.16 0.624222
0.17 0.591524
0.18 0.559703
0.19 0.529086
0.2 0.5
0.21 0.472704
0.22 0.447185
0.23 0.423363
0.24 0.401157
0.25 0.380487
0.26 0.361272
0.27 0.343432
0.28 0.326886
0.29 0.311554
0.3 0.297356
0.31 0.28421
0.32 0.272037
0.33 0.260755
0.34 0.250286
0.35 0.240547
0.36 0.231458
0.37 0.22294
0.38 0.214911
0.39 0.207291
0.4 0.2
0.41 0.192969
0.42 0.186182
0.43 0.179633
0.44 0.173317
0.45 0.16723
0.46 0.161366
0.47 0.155721
0.48 0.15029
0.49 0.145067
0.5 0.140049
0.51 0.135229
0.52 0.130604
0.53 0.126168
0.54 0.121916
0.55 0.117843
0.56 0.113945
0.57 0.110217
0.58 0.106653
0.59 0.103249
0.6 0.1
0.61 0.0969007
0.62 0.0939456
0.63 0.0911289
0.64 0.0884448
0.65 0.0858876
0.66 0.0834515
0.67 0.0811306
0.68 0.0789193
0.69 0.0768117
0.7 0.0748021
0.71 0.0728847
0.72 0.0710537
0.73 0.0693034
0.74 0.0676279
0.75 0.0660215
0.76 0.0644784
0.77 0.0629928
0.78 0.061559
0.79 0.0601712
0.8 0.0588235
0.81 0.0575112
0.82 0.0562328
0.83 0.0549879
0.84 0.0537759
0.85 0.0525963
0.86 0.0514487
0.87 0.0503326
0.88 0.0492474
0.89 0.0481927
0.9 0.047168
0.91 0.0461728
0.92 0.0452066
0.93 0.0442689
0.94 0.0433592
0.95 0.042477
0.96 0.0416218
0.97 0.0407932
0.98 0.0399906
0.99 0.0392135
