-1 0.0384615
-0.99 0.0392117
-0.98 0.0399836
-0.97 0.0407782
-0.96 0.0415964
-0.95 0.0424394
-0.94 0.043308
-0.93 0.0442033
-0.92 0.0451262
-0.91 0.0460777
-0.9 0.0470588
-0.89 0.0480707
-0.88 0.0491147
-0.87 0.0501927
-0.86 0.0513061
-0.85 0.0524567
-0.84 0.053646
-0.83 0.0548757
-0.82 0.0561475
-0.81 0.0574629
-0.8 0.0588235
-0.79 0.0602313
-0.78 0.0616888
-0.77 0.0631987
-0.76 0.064764
-0.75 0.0663872
-0.74 0.0680713
-0.73 0.0698191
-0.72 0.0716332
-0.71 0.0735165
-0.7 0.0754717
-0.69 0.0775021
-0.68 0.0796124
-0.67 0.081808
-0.66 0.0840939
-0.65 0.0864755
-0.64 0.0889578
-0.63 0.0915463
-0.62 0.0942459
-0.61 0.0970621
-0.6 0.1
-0.59 0.103066
-0.58 0.106267
-0.57 0.109615
-0.56 0.113118
-0.55 0.116786
-0.54 0.120629
-0.53 0.124655
-0.52 0.128874
-0.51 0.133297
-0.5 0.137931
-0.49 0.142789
-0.48 0.14789
-0.47 0.153256
-0.46 0.158907
-0.45 0.164865
-0.44 0.171151
-0.43 0.177786
-0.42 0.184792
-0.41 0.192189
-0.4 0.2
-0.39 0.208247
-0.38 0.216963
-0.37 0.226183
-0.36 0.235939
-0.35 0.246268
-0.34 0.257203
-0.33 0.268778
-0.32 0.281029
-0.31 0.293989
-0.3 0.307692
-0.29 0.322181
-0.28 0.337522
-0.27 0.353793
-0.26 0.371067
-0.25 0.38942
-0.24 0.408927
-0.23 0.429663
-0.22 0.451704
-0.21 0.475124
-0.2 0.5
-0.19 0.52636
-0.18 0.554054
-0.17 0.582885
-0.16 0.612655
-0.15 0.643169
-0.14 0.674229
-0.13 0.705639
-0.12 0.737202
-0.11 0.768721
-0.1 0.8
-0.09 0.830785
-0.08 0.860599
-0.07 0.888907
-0.06 0.915174
-0.05 0.938866
-0.04 0.959449
-0.03 0.976389
-0.02 0.98915
-0.01 0.997198
7.5287e-16 1
0.01 0.997198
0.02 0.98915
0.03 0.976389
0.04 0.959449
0.05 0.938866
0.06 0.915174
0.07 0.888907
0.08 0.860599
0.09 0.830785
0.1 0.8
0.11 0.768721
0.12 0.737202
0.13 0.705639
0.14 0.674229
0.15 0.643169
0.16 0.612655
0.17 0.582885
0.18 0.554054
0.19 0.52636
0.2 0.5
0.21 0.475124
0.22 0.451704
0.23 0.429663
0.24 0.408927
0.25 0.38942
0.26 0.371067
0.27 0.353793
0.28 0.337522
0.29 0.322181
0.3 0.307692
0.31 0.293989
0.32 0.281029
0.33 0.268778
0.34 0.257203
0.35 0.246268
0.36 0.235939
0.37 0.226183
0.38 0.216963
0.39 0.208247
0.4 0.2
0.41 0.192189
0.42 0.184792
0.43 0.177786
0.44 0.171151
0.45 0.164865
0.46 0.158907
0.47 0.153256
0.48 0.14789
0.49 0.142789
0.5 0.137931
0.51 0.133297
0.52 0.128874
0.53 0.124655
0.54 0.120629
0.55 0.116786
0.56 0.113118
0.57 0.109615
0.58 0.106267
0.59 0.103066
0.6 0.1
0.61 0.0970621
0.62 0.0942459
0.63 0.0915463
0.64 0.0889578
0.65 0.0864755
0.66 0.0840939
0.67 0.081808
0.68 0.0796124
0.69 0.0775021
0.7 0.0754717
0.71 0.0735165
0.72 0.0716332
0.73 0.0698191
0.74 0.0680713
0.75 0.0663872
0.76 0.064764
0.77 0.0631987
0.78 0.0616888
0.79 0.0602313
0.8 0.0588235
0.81 0.0574629
0.82 0.0561475
0.83 0.0548757
0.84 0.053646
0.85 0.0524567
0.86 0.0513061
0.87 0.0501927
0.88 0.0491147
0.89 0.0480707
0.9 0.0470588
0.91 0.0460777
0.92 0.0451262
0.93 0.0442033
0.94 0.043308
0.95 0.0424394
0.96 0.0415964
0.97 0.0407782
0.98 0.0399836
0.99 0.0392117
