-1 0.0384615
-0.99 0.0392118
-0.98 0.0399839
-0.97 0.0407788
-0.96 0.0415973
-0.95 0.0424403
-0.94 0.0433088
-0.93 0.0442037
-0.92 0.0451263
-0.91 0.0460776
-0.9 0.0470588
-0.89 0.0480711
-0.88 0.0491158
-0.87 0.0501944
-0.86 0.0513083
-0.85 0.052459
-0.84 0.053648
-0.83 0.0548771
-0.82 0.0561481
-0.81 0.057463
-0.8 0.0588235
-0.79 0.0602318
-0.78 0.0616901
-0.77 0.0632009
-0.76 0.0647668
-0.75 0.06639
-0.74 0.0680734
-0.73 0.0698199
-0.72 0.071633
-0.71 0.0735158
-0.7 0.0754717
-0.69 0.0775042
-0.68 0.0796174
-0.67 0.0818159
-0.66 0.0841041
-0.65 0.0864865
-0.64 0.0889677
-0.63 0.0915535
-0.62 0.0942502
-0.61 0.0970636
-0.6 0.1
-0.59 0.103066
-0.58 0.106269
-0.57 0.109618
-0.56 0.113122
-0.55 0.116788
-0.54 0.120627
-0.53 0.124648
-0.52 0.128865
-0.51 0.133288
-0.5 0.137931
-0.49 0.142805
-0.48 0.147927
-0.47 0.153314
-0.46 0.158982
-0.45 0.164948
-0.44 0.171232
-0.43 0.177854
-0.42 0.18484
-0.41 0.192214
-0.4 0.2
-0.39 0.208223
-0.38 0.216916
-0.37 0.226113
-0.36 0.235848
-0.35 0.246154
-0.34 0.257068
-0.33 0.268633
-0.32 0.280895
-0.31 0.293899
-0.3 0.307692
-0.29 0.32232
-0.28 0.337836
-0.27 0.354293
-0.26 0.371744
-0.25 0.390244
-0.24 0.409843
-0.23 0.43058
-0.22 0.452494
-0.21 0.475622
-0.2 0.5
-0.19 0.52565
-0.18 0.552532
-0.17 0.580588
-0.16 0.609763
-0.15 0.64
-0.14 0.671201
-0.13 0.703105
-0.12 0.735408
-0.11 0.767807
-0.1 0.8
-0.09 0.831635
-0.08 0.862164
-0.07 0.890995
-0.06 0.91753
-0.05 0.941176
-0.04 0.961376
-0.03 0.977724
-0.02 0.989855
-0.01 0.997403
7.5287e-16 1
0.01 0.997403
0.02 0.989855
0.03 0.977724
0.04 0.961376
0.05 0.941176
0.06 0.91753
0.07 0.890995
0.08 0.862164
0.09 0.831635
0.1 0.8
0.11 0.767807
0.12 0.735408
0.13 0.703105
0.14 0.671201
0.15 0.64
0.16 0.609763
0.17 0.580588
0.18 0.552532
0.19 0.52565
0.2 0.5
0.21 0.475622
0.22 0.452494
0.23 0.43058
0.24 0.409843
0.25 0.390244
0.26 0.371744
0.27 0.354293
0.28 0.337836
0.29 0.32232
0.3 0.307692
0.31 0.293899
0.32 0.280895
0.33 0.268633
0.34 0.257068
0.35 0.246154
0.36 0.235848
0.37 0.226113
0.38 0.216916
0.39 0.208223
0.4 0.2
0.41 0.192214
0.42 0.18484
0.43 0.177854
0.44 0.171232
0.45 0.164948
0.46 0.158982
0.47 0.153314
0.48 0.147927
0.49 0.142805
0.5 0.137931
0.51 0.133288
0.52 0.128865
0.53 0.124648
0.54 0.120627
0.55 0.116788
0.56 0.113122
0.57 0.109618
0.58 0.106269
0.59 0.103066
0.6 0.1
0.61 0.0970636
0.62 0.0942502
0.63 0.0915535
0.64 0.0889677
0.65 0.0864865
0.66 0.0841041
0.67 0.0818159
0.68 0.0796174
0.69 0.0775042
0.7 0.0754717
0.71 0.0735158
0.72 0.071633
0.73 0.0698199
0.74 0.0680734
0.75 0.06639
0.76 0.0647668
0.77 0.0632009
0.78 0.0616901
0.79 0.0602318
0.8 0.0588235
0.81 0.057463
0.82 0.0561481
0.83 0.0548771
0.84 0.053648
0.85 0.052459
0.86 0.0513083
0.87 0.0501944
0.88 0.0491158
0.89 0.0480711
0.9 0.0470588
0.91 0.0460776
0.92 0.0451263
0.93 0.0442037
0.94 0.0433088
0.95 0.0424403
0.96 0.0415973
0.97 0.0407788
0.98 0.0399839
0.99 0.0392118
