-5 0.0384615
-4.99 0.03861
-4.98 0.0387594
-4.97 0.0389098
-4.96 0.0390612
-4.95 0.0392135
-4.94 0.0393669
-4.93 0.0395213
-4.92 0.0396767
-4.91 0.0398332
-4.9 0.0399906
-4.89 0.0401491
-4.88 0.0403085
-4.87 0.0404691
-4.86 0.0406306
-4.85 0.0407932
-4.84 0.0409568
-4.83 0.0411215
-4.82 0.0412872
-4.81 0.041454
-4.8 0.0416218
-4.79 0.0417907
-4.78 0.0419607
-4.77 0.0421317
-4.76 0.0423038
-4.75 0.042477
-4.74 0.0426512
-4.73 0.0428266
-4.72 0.043003
-4.71 0.0431806
-4.7 0.0433592
-4.69 0.0435389
-4.68 0.0437197
-4.67 0.0439017
-4.66 0.0440847
-4.65 0.0442689
-4.64 0.0444542
-4.63 0.0446406
-4.62 0.0448281
-4.61 0.0450168
-4.6 0.0452066
-4.59 0.0453975
-4.58 0.0455896
-4.57 0.0457829
-4.56 0.0459773
-4.55 0.0461728
-4.54 0.0463695
-4.53 0.0465674
-4.52 0.0467664
-4.51 0.0469666
-4.5 0.047168
-4.49 0.0473706
-4.48 0.0475743
-4.47 0.0477793
-4.46 0.0479854
-4.45 0.0481927
-4.44 0.0484012
-4.43 0.048611
-4.42 0.0488219
-4.41 0.049034
-4.4 0.0492474
-4.39 0.049462
-4.38 0.0496778
-4.37 0.0498948
-4.36 0.0501131
-4.35 0.0503326
-4.34 0.0505533
-4.33 0.0507753
-4.32 0.0509985
-4.31 0.051223
-4.3 0.0514487
-4.29 0.0516757
-4.28 0.0519039
-4.27 0.0521334
-4.26 0.0523642
-4.25 0.0525963
-4.24 0.0528296
-4.23 0.0530643
-4.22 0.0533002
-4.21 0.0535374
-4.2 0.0537759
-4.19 0.0540156
-4.18 0.0542567
-4.17 0.0544991
-4.16 0.0547428
-4.15 0.0549879
-4.14 0.0552342
-4.13 0.0554819
-4.12 0.0557308
-4.11 0.0559812
-4.1 0.0562328
-4.09 0.0564858
-4.08 0.0567401
-4.07 0.0569958
-4.06 0.0572528
-4.05 0.0575112
-4.04 0.0577709
-4.03 0.058032
-4.02 0.0582945
-4.01 0.0585583
-4 0.0588235
-3.99 0.0590901
-3.98 0.0593581
-3.97 0.0596276
-3.96 0.0598986
-3.95 0.0601712
-3.94 0.0604453
-3.93 0.0607211
-3.92 0.0609987
-3.91 0.0612779
-3.9 0.061559
-3.89 0.0618419
-3.88 0.0621267
-3.87 0.0624134
-3.86 0.0627021
-3.85 0.0629928
-3.84 0.0632856
-3.83 0.0635805
-3.82 0.0638776
-3.81 0.0641768
-3.8 0.0644784
-3.79 0.0647822
-3.78 0.0650884
-3.77 0.065397
-3.76 0.065708
-3.75 0.0660215
-3.74 0.0663375
-3.73 0.0666561
-3.72 0.0669773
-3.71 0.0673013
-3.7 0.0676279
-3.69 0.0679573
-3.68 0.0682895
-3.67 0.0686245
-3.66 0.0689625
-3.65 0.0693034
-3.64 0.0696473
-3.63 0.0699942
-3.62 0.0703442
-3.61 0.0706974
-3.6 0.0710537
-3.59 0.0714133
-3.58 0.0717761
-3.57 0.0721423
-3.56 0.0725118
-3.55 0.0728847
-3.54 0.0732611
-3.53 0.073641
-3.52 0.0740244
-3.51 0.0744115
-3.5 0.0748021
-3.49 0.0751965
-3.48 0.0755946
-3.47 0.0759965
-3.46 0.0764022
-3.45 0.0768117
-3.44 0.0772252
-3.43 0.0776427
-3.42 0.0780642
-3.41 0.0784897
-3.4 0.0789193
-3.39 0.0793531
-3.38 0.0797911
-3.37 0.0802333
-3.36 0.0806798
-3.35 0.0811306
-3.34 0.0815858
-3.33 0.0820455
-3.32 0.0825096
-3.31 0.0829783
-3.3 0.0834515
-3.29 0.0839293
-3.28 0.0844118
-3.27 0.0848989
-3.26 0.0853909
-3.25 0.0858876
-3.24 0.0863892
-3.23 0.0868956
-3.22 0.087407
-3.21 0.0879234
-3.2 0.0884448
-3.19 0.0889713
-3.18 0.0895029
-3.17 0.0900397
-3.16 0.0905817
-3.15 0.0911289
-3.14 0.0916814
-3.13 0.0922393
-3.12 0.0928026
-3.11 0.0933714
-3.1 0.0939456
-3.09 0.0945254
-3.08 0.0951107
-3.07 0.0957017
-3.06 0.0962983
-3.05 0.0969007
-3.04 0.0975088
-3.03 0.0981228
-3.02 0.0987426
-3.01 0.0993683
-3 0.1
-2.99 0.100638
-2.98 0.101281
-2.97 0.101931
-2.96 0.102587
-2.95 0.103249
-2.94 0.103917
-2.93 0.104592
-2.92 0.105273
-2.91 0.10596
-2.9 0.106653
-2.89 0.107353
-2.88 0.108059
-2.87 0.108772
-2.86 0.109491
-2.85 0.110217
-2.84 0.110949
-2.83 0.111688
-2.82 0.112434
-2.81 0.113186
-2.8 0.113945
-2.79 0.114711
-2.78 0.115484
-2.77 0.116263
-2.76 0.11705
-2.75 0.117843
-2.74 0.118644
-2.73 0.119451
-2.72 0.120266
-2.71 0.121087
-2.7 0.121916
-2.69 0.122752
-2.68 0.123595
-2.67 0.124445
-2.66 0.125303
-2.65 0.126168
-2.64 0.12704
-2.63 0.12792
-2.62 0.128807
-2.61 0.129702
-2.6 0.130604
-2.59 0.131514
-2.58 0.132431
-2.57 0.133356
-2.56 0.134289
-2.55 0.135229
-2.54 0.136177
-2.53 0.137134
-2.52 0.138097
-2.51 0.139069
-2.5 0.140049
-2.49 0.141036
-2.48 0.142032
-2.47 0.143036
-2.46 0.144047
-2.45 0.145067
-2.44 0.146095
-2.43 0.147132
-2.42 0.148176
-2.41 0.149229
-2.4 0.15029
-2.39 0.151359
-2.38 0.152437
-2.37 0.153523
-2.36 0.154618
-2.35 0.155721
-2.34 0.156833
-2.33 0.157953
-2.32 0.159082
-2.31 0.16022
-2.3 0.161366
-2.29 0.162521
-2.28 0.163685
-2.27 0.164858
-2.26 0.166039
-2.25 0.16723
-2.24 0.168429
-2.23 0.169638
-2.22 0.170855
-2.21 0.172082
-2.2 0.173317
-2.19 0.174562
-2.18 0.175816
-2.17 0.177079
-2.16 0.178351
-2.15 0.179633
-2.14 0.180924
-2.13 0.182224
-2.12 0.183534
-2.11 0.184853
-2.1 0.186182
-2.09 0.18752
-2.08 0.188868
-2.07 0.190226
-2.06 0.191593
-2.05 0.192969
-2.04 0.194356
-2.03 0.195752
-2.02 0.197158
-2.01 0.198574
-2 0.2
-1.99 0.201436
-1.98 0.202882
-1.97 0.20434
-1.96 0.205809
-1.95 0.207291
-1.94 0.208786
-1.93 0.210295
-1.92 0.211819
-1.91 0.213357
-1.9 0.214911
-1.89 0.216482
-1.88 0.218069
-1.87 0.219674
-1.86 0.221298
-1.85 0.22294
-1.84 0.224602
-1.83 0.226284
-1.82 0.227987
-1.81 0.229712
-1.8 0.231458
-1.79 0.233228
-1.78 0.235021
-1.77 0.236838
-1.76 0.23868
-1.75 0.240547
-1.74 0.24244
-1.73 0.24436
-1.72 0.246307
-1.71 0.248282
-1.7 0.250286
-1.69 0.252318
-1.68 0.254381
-1.67 0.256475
-1.66 0.258599
-1.65 0.260755
-1.64 0.262944
-1.63 0.265166
-1.62 0.267422
-1.61 0.269712
-1.6 0.272037
-1.59 0.274397
-1.58 0.276794
-1.57 0.279228
-1.56 0.2817
-1.55 0.28421
-1.54 0.286759
-1.53 0.289347
-1.52 0.291975
-1.51 0.294645
-1.5 0.297356
-1.49 0.300108
-1.48 0.302904
-1.47 0.305743
-1.46 0.308626
-1.45 0.311554
-1.44 0.314527
-1.43 0.317546
-1.42 0.320612
-1.41 0.323725
-1.4 0.326886
-1.39 0.330095
-1.38 0.333354
-1.37 0.336663
-1.36 0.340022
-1.35 0.343432
-1.34 0.346894
-1.33 0.350408
-1.32 0.353975
-1.31 0.357596
-1.3 0.361272
-1.29 0.365002
-1.28 0.368788
-1.27 0.372631
-1.26 0.37653
-1.25 0.380487
-1.24 0.384502
-1.23 0.388576
-1.22 0.392709
-1.21 0.396903
-1.2 0.401157
-1.19 0.405473
-1.18 0.40985
-1.17 0.414291
-1.16 0.418795
-1.15 0.423363
-1.14 0.427995
-1.13 0.432693
-1.12 0.437457
-1.11 0.442287
-1.1 0.447185
-1.09 0.45215
-1.08 0.457184
-1.07 0.462288
-1.06 0.46746
-1.05 0.472704
-1.04 0.478018
-1.03 0.483405
-1.02 0.488863
-1.01 0.494395
-1 0.5
-0.99 0.505679
-0.98 0.51143
-0.97 0.51725
-0.96 0.523136
-0.95 0.529086
-0.94 0.535097
-0.93 0.541167
-0.92 0.547293
-0.91 0.553473
-0.9 0.559703
-0.89 0.565981
-0.88 0.572305
-0.87 0.578672
-0.86 0.585079
-0.85 0.591524
-0.84 0.598003
-0.83 0.604516
-0.82 0.611058
-0.81 0.617627
-0.8 0.624222
-0.79 0.630838
-0.78 0.637473
-0.77 0.644125
-0.76 0.650792
-0.75 0.65747
-0.74 0.664157
-0.73 0.67085
-0.72 0.677547
-0.71 0.684245
-0.7 0.690942
-0.69 0.697634
-0.68 0.70432
-0.67 0.710996
-0.66 0.717661
-0.65 0.724311
-0.64 0.730943
-0.63 0.737556
-0.62 0.744146
-0.61 0.750712
-0.6 0.757249
-0.59 0.763757
-0.58 0.770231
-0.57 0.77667
-0.56 0.783071
-0.55 0.789431
-0.54 0.795748
-0.53 0.802018
-0.52 0.808241
-0.51 0.814412
-0.5 0.820529
-0.49 0.82659
-0.48 0.832591
-0.47 0.838531
-0.46 0.844407
-0.45 0.850216
-0.44 0.855956
-0.43 0.861623
-0.42 0.867216
-0.41 0.872731
-0.4 0.878166
-0.39 0.883519
-0.38 0.888786
-0.37 0.893966
-0.36 0.899056
-0.35 0.904052
-0.34 0.908953
-0.33 0.913755
-0.32 0.918457
-0.31 0.923055
-0.3 0.927547
-0.29 0.93193
-0.28 0.936202
-0.27 0.94036
-0.26 0.944401
-0.25 0.948323
-0.24 0.952124
-0.23 0.9558
-0.22 0.959349
-0.21 0.962768
-0.2 0.966055
-0.19 0.969208
-0.18 0.972222
-0.17 0.975097
-0.16 0.977829
-0.15 0.980416
-0.14 0.982855
-0.13 0.985143
-0.12 0.987278
-0.11 0.989257
-0.1 0.991078
-0.09 0.992738
-0.08 0.994234
-0.07 0.995564
-0.06 0.996725
-0.05 0.997715
-0.04 0.998531
-0.03 0.99917
-0.02 0.999629
-0.01 0.999907
-6.23078e-14 1
0.01 0.999907
0.02 0.999629
0.03 0.99917
0.04 0.998531
0.05 0.997715
0.06 0.996725
0.07 0.995564
0.08 0.994234
0.09 0.992738
0.1 0.991078
0.11 0.989257
0.12 0.987278
0.13 0.985143
0.14 0.982855
0.15 0.980416
0.16 0.977829
0.17 0.975097
0.18 0.972222
0.19 0.969208
0.2 0.966055
0.21 0.962768
0.22 0.959349
0.23 0.9558
0.24 0.952124
0.25 0.948323
0.26 0.944401
0.27 0.94036
0.28 0.936202
0.29 0.93193
0.3 0.927547
0.31 0.923055
0.32 0.918457
0.33 0.913755
0.34 0.908953
0.35 0.904052
0.36 0.899056
0.37 0.893966
0.38 0.888786
0.39 0.883519
0.4 0.878166
0.41 0.872731
0.42 0.867216
0.43 0.861623
0.44 0.855956
0.45 0.850216
0.46 0.844407
0.47 0.838531
0.48 0.832591
0.49 0.82659
0.5 0.820529
0.51 0.814412
0.52 0.808241
0.53 0.802018
0.54 0.795748
0.55 0.789431
0.56 0.783071
0.57 0.77667
0.58 0.770231
0.59 0.763757
0.6 0.757249
0.61 0.750712
0.62 0.744146
0.63 0.737556
0.64 0.730943
0.65 0.724311
0.66 0.717661
0.67 0.710996
0.68 0.70432
0.69 0.697634
0.7 0.690942
0.71 0.684245
0.72 0.677547
0.73 0.67085
0.74 0.664157
0.75 0.65747
0.76 0.650792
0.77 0.644125
0.78 0.637473
0.79 0.630838
0.8 0.624222
0.81 0.617627
0.82 0.611058
0.83 0.604516
0.84 0.598003
0.85 0.591524
0.86 0.585079
0.87 0.578672
0.88 0.572305
0.89 0.565981
0.9 0.559703
0.91 0.553473
0.92 0.547293
0.93 0.541167
0.94 0.535097
0.95 0.529086
0.96 0.523136
0.97 0.51725
0.98 0.51143
0.99 0.505679
1 0.5
1.01 0.494395
1.02 0.488863
1.03 0.483405
1.04 0.478018
1.05 0.472704
1.06 0.46746
1.07 0.462288
1.08 0.457184
1.09 0.45215
1.1 0.447185
1.11 0.442287
1.12 0.437457
1.13 0.432693
1.14 0.427995
1.15 0.423363
1.16 0.418795
1.17 0.414291
1.18 0.40985
1.19 0.405473
1.2 0.401157
1.21 0.396903
1.22 0.392709
1.23 0.388576
1.24 0.384502
1.25 0.380487
1.26 0.37653
1.27 0.372631
1.28 0.368788
1.29 0.365002
1.3 0.361272
1.31 0.357596
1.32 0.353975
1.33 0.350408
1.34 0.346894
1.35 0.343432
1.36 0.340022
1.37 0.336663
1.38 0.333354
1.39 0.330095
1.4 0.326886
1.41 0.323725
1.42 0.320612
1.43 0.317546
1.44 0.314527
1.45 0.311554
1.46 0.308626
1.47 0.305743
1.48 0.302904
1.49 0.300108
1.5 0.297356
1.51 0.294645
1.52 0.291975
1.53 0.289347
1.54 0.286759
1.55 0.28421
1.56 0.2817
1.57 0.279228
1.58 0.276794
1.59 0.274397
1.6 0.272037
1.61 0.269712
1.62 0.267422
1.63 0.265166
1.64 0.262944
1.65 0.260755
1.66 0.258599
1.67 0.256475
1.68 0.254381
1.69 0.252318
1.7 0.250286
1.71 0.248282
1.72 0.246307
1.73 0.24436
1.74 0.24244
1.75 0.240547
1.76 0.23868
1.77 0.236838
1.78 0.235021
1.79 0.233228
1.8 0.231458
1.81 0.229712
1.82 0.227987
1.83 0.226284
1.84 0.224602
1.85 0.22294
1.86 0.221298
1.87 0.219674
1.88 0.218069
1.89 0.216482
1.9 0.214911
1.91 0.213357
1.92 0.211819
1.93 0.210295
1.94 0.208786
1.95 0.207291
1.96 0.205809
1.97 0.20434
1.98 0.202882
1.99 0.201436
2 0.2
2.01 0.198574
2.02 0.197158
2.03 0.195752
2.04 0.194356
2.05 0.192969
2.06 0.191593
2.07 0.190226
2.08 0.188868
2.09 0.18752
2.1 0.186182
2.11 0.184853
2.12 0.183534
2.13 0.182224
2.14 0.180924
2.15 0.179633
2.16 0.178351
2.17 0.177079
2.18 0.175816
2.19 0.174562
2.2 0.173317
2.21 0.172082
2.22 0.170855
2.23 0.169638
2.24 0.168429
2.25 0.16723
2.26 0.166039
2.27 0.164858
2.28 0.163685
2.29 0.162521
2.3 0.161366
2.31 0.16022
2.32 0.159082
2.33 0.157953
2.34 0.156833
2.35 0.155721
2.36 0.154618
2.37 0.153523
2.38 0.152437
2.39 0.151359
2.4 0.15029
2.41 0.149229
2.42 0.148176
2.43 0.147132
2.44 0.146095
2.45 0.145067
2.46 0.144047
2.47 0.143036
2.48 0.142032
2.49 0.141036
2.5 0.140049
2.51 0.139069
2.52 0.138097
2.53 0.137134
2.54 0.136177
2.55 0.135229
2.56 0.134289
2.57 0.133356
2.58 0.132431
2.59 0.131514
2.6 0.130604
2.61 0.129702
2.62 0.128807
2.63 0.12792
2.64 0.12704
2.65 0.126168
2.66 0.125303
2.67 0.124445
2.68 0.123595
2.69 0.122752
2.7 0.121916
2.71 0.121087
2.72 0.120266
2.73 0.119451
2.74 0.118644
2.75 0.117843
2.76 0.11705
2.77 0.116263
2.78 0.115484
2.79 0.114711
2.8 0.113945
2.81 0.113186
2.82 0.112434
2.83 0.111688
2.84 0.110949
2.85 0.110217
2.86 0.109491
2.87 0.108772
2.88 0.108059
2.89 0.107353
2.9 0.106653
2.91 0.10596
2.92 0.105273
2.93 0.104592
2.94 0.103917
2.95 0.103249
2.96 0.102587
2.97 0.101931
2.98 0.101281
2.99 0.100638
3 0.1
3.01 0.0993683
3.02 0.0987426
3.03 0.0981228
3.04 0.0975088
3.05 0.0969007
3.06 0.0962983
3.07 0.0957017
3.08 0.0951107
3.09 0.0945254
3.1 0.0939456
3.11 0.0933714
3.12 0.0928026
3.13 0.0922393
3.14 0.0916814
3.15 0.0911289
3.16 0.0905817
3.17 0.0900397
3.18 0.0895029
3.19 0.0889713
3.2 0.0884448
3.21 0.0879234
3.22 0.087407
3.23 0.0868956
3.24 0.0863892
3.25 0.0858876
3.26 0.0853909
3.27 0.0848989
3.28 0.0844118
3.29 0.0839293
3.3 0.0834515
3.31 0.0829783
3.32 0.0825096
3.33 0.0820455
3.34 0.0815858
3.35 0.0811306
3.36 0.0806798
3.37 0.0802333
3.38 0.0797911
3.39 0.0793531
3.4 0.0789193
3.41 0.0784897
3.42 0.0780642
3.43 0.0776427
3.44 0.0772252
3.45 0.0768117
3.46 0.0764022
3.47 0.0759965
3.48 0.0755946
3.49 0.0751965
3.5 0.0748021
3.51 0.0744115
3.52 0.0740244
3.53 0.073641
3.54 0.0732611
3.55 0.0728847
3.56 0.0725118
3.57 0.0721423
3.58 0.0717761
3.59 0.0714133
3.6 0.0710537
3.61 0.0706974
3.62 0.0703442
3.63 0.0699942
3.64 0.0696473
3.65 0.0693034
3.66 0.0689625
3.67 0.0686245
3.68 0.0682895
3.69 0.0679573
3.7 0.0676279
3.71 0.0673013
3.72 0.0669773
3.73 0.0666561
3.74 0.0663375
3.75 0.0660215
3.76 0.065708
3.77 0.065397
3.78 0.0650884
3.79 0.0647822
3.8 0.0644784
3.81 0.0641768
3.82 0.0638776
3.83 0.0635805
3.84 0.0632856
3.85 0.0629928
3.86 0.0627021
3.87 0.0624134
3.88 0.0621267
3.89 0.0618419
3.9 0.061559
3.91 0.0612779
3.92 0.0609987
3.93 0.0607211
3.94 0.0604453
3.95 0.0601712
3.96 0.0598986
3.97 0.0596276
3.98 0.0593581
3.99 0.0590901
4 0.0588235
4.01 0.0585583
4.02 0.0582945
4.03 0.058032
4.04 0.0577709
4.05 0.0575112
4.06 0.0572528
4.07 0.0569958
4.08 0.0567401
4.09 0.0564858
4.1 0.0562328
4.11 0.0559812
4.12 0.0557308
4.13 0.0554819
4.14 0.0552342
4.15 0.0549879
4.16 0.0547428
4.17 0.0544991
4.18 0.0542567
4.19 0.0540156
4.2 0.0537759
4.21 0.0535374
4.22 0.0533002
4.23 0.0530643
4.24 0.0528296
4.25 0.0525963
4.26 0.0523642
4.27 0.0521334
4.28 0.0519039
4.29 0.0516757
4.3 0.0514487
4.31 0.051223
4.32 0.0509985
4.33 0.0507753
4.34 0.0505533
4.35 0.0503326
4.36 0.0501131
4.37 0.0498948
4.38 0.0496778
4.39 0.049462
4.4 0.0492474
4.41 0.049034
4.42 0.0488219
4.43 0.048611
4.44 0.0484012
4.45 0.0481927
4.46 0.0479854
4.47 0.0477793
4.48 0.0475743
4.49 0.0473706
4.5 0.047168
4.51 0.0469666
4.52 0.0467664
4.53 0.0465674
4.54 0.0463695
4.55 0.0461728
4.56 0.0459773
4.57 0.0457829
4.58 0.0455896
4.59 0.0453975
4.6 0.0452066
4.61 0.0450168
4.62 0.0448281
4.63 0.0446406
4.64 0.0444542
4.65 0.0442689
4.66 0.0440847
4.67 0.0439017
4.68 0.0437197
4.69 0.0435389
4.7 0.0433592
4.71 0.0431806
4.72 0.043003
4.73 0.0428266
4.74 0.0426512
4.75 0.042477
4.76 0.0423038
4.77 0.0421317
4.78 0.0419607
4.79 0.0417907
4.8 0.0416218
4.81 0.041454
4.82 0.0412872
4.83 0.0411215
4.84 0.0409568
4.85 0.0407932
4.86 0.0406306
4.87 0.0404691
4.88 0.0403085
4.89 0.0401491
4.9 0.0399906
4.91 0.0398332
4.92 0.0396767
4.93 0.0395213
4.94 0.0393669
4.95 0.0392135
4.96 0.0390612
4.97 0.0389098
4.98 0.0387594
4.99 0.03861
5 0.0384615
