-5 0.0384615
-4.99 0.0386069
-4.98 0.0387533
-4.97 0.0389007
-4.96 0.0390493
-4.95 0.039199
-4.94 0.0393497
-4.93 0.0395016
-4.92 0.0396545
-4.91 0.0398085
-4.9 0.0399636
-4.89 0.0401198
-4.88 0.040277
-4.87 0.0404354
-4.86 0.0405948
-4.85 0.0407554
-4.84 0.040917
-4.83 0.0410797
-4.82 0.0412435
-4.81 0.0414084
-4.8 0.0415743
-4.79 0.0417414
-4.78 0.0419095
-4.77 0.0420788
-4.76 0.0422491
-4.75 0.0424205
-4.74 0.042593
-4.73 0.0427665
-4.72 0.0429412
-4.71 0.043117
-4.7 0.0432938
-4.69 0.0434717
-4.68 0.0436507
-4.67 0.0438308
-4.66 0.044012
-4.65 0.0441943
-4.64 0.0443777
-4.63 0.0445621
-4.62 0.0447476
-4.61 0.0449343
-4.6 0.045122
-4.59 0.0453108
-4.58 0.0455006
-4.57 0.0456916
-4.56 0.0458837
-4.55 0.0460768
-4.54 0.046271
-4.53 0.0464664
-4.52 0.0466628
-4.51 0.0468602
-4.5 0.0470588
-4.49 0.0472585
-4.48 0.0474592
-4.47 0.0476611
-4.46 0.047864
-4.45 0.048068
-4.44 0.0482731
-4.43 0.0484793
-4.42 0.0486866
-4.41 0.0488949
-4.4 0.0491044
-4.39 0.0493149
-4.38 0.0495265
-4.37 0.0497393
-4.36 0.0499531
-4.35 0.0501679
-4.34 0.0503839
-4.33 0.050601
-4.32 0.0508191
-4.31 0.0510383
-4.3 0.0512587
-4.29 0.0514801
-4.28 0.0517026
-4.27 0.0519261
-4.26 0.0521508
-4.25 0.0523766
-4.24 0.0526034
-4.23 0.0528313
-4.22 0.0530603
-4.21 0.0532904
-4.2 0.0535216
-4.19 0.0537539
-4.18 0.0539873
-4.17 0.0542217
-4.16 0.0544573
-4.15 0.0546939
-4.14 0.0549316
-4.13 0.0551704
-4.12 0.0554103
-4.11 0.0556513
-4.1 0.0558933
-4.09 0.0561365
-4.08 0.0563807
-4.07 0.056626
-4.06 0.0568724
-4.05 0.0571199
-4.04 0.0573685
-4.03 0.0576182
-4.02 0.0578689
-4.01 0.0581208
-4 0.0583737
-3.99 0.0586289
-3.98 0.0588877
-3.97 0.05915
-3.96 0.0594159
-3.95 0.0596853
-3.94 0.0599582
-3.93 0.0602347
-3.92 0.0605147
-3.91 0.0607983
-3.9 0.0610854
-3.89 0.061376
-3.88 0.0616702
-3.87 0.0619679
-3.86 0.0622692
-3.85 0.062574
-3.84 0.0628823
-3.83 0.0631942
-3.82 0.0635096
-3.81 0.0638286
-3.8 0.0641511
-3.79 0.0644771
-3.78 0.0648067
-3.77 0.0651398
-3.76 0.0654764
-3.75 0.0658166
-3.74 0.0661603
-3.73 0.0665076
-3.72 0.0668584
-3.71 0.0672128
-3.7 0.0675707
-3.69 0.0679321
-3.68 0.068297
-3.67 0.0686656
-3.66 0.0690376
-3.65 0.0694132
-3.64 0.0697923
-3.63 0.070175
-3.62 0.0705612
-3.61 0.0709509
-3.6 0.0713442
-3.59 0.071741
-3.58 0.0721414
-3.57 0.0725453
-3.56 0.0729527
-3.55 0.0733637
-3.54 0.0737782
-3.53 0.0741963
-3.52 0.0746179
-3.51 0.075043
-3.5 0.0754717
-3.49 0.0759039
-3.48 0.0763397
-3.47 0.076779
-3.46 0.0772218
-3.45 0.0776682
-3.44 0.0781181
-3.43 0.0785715
-3.42 0.0790285
-3.41 0.0794891
-3.4 0.0799531
-3.39 0.0804208
-3.38 0.0808919
-3.37 0.0813666
-3.36 0.0818448
-3.35 0.0823266
-3.34 0.0828119
-3.33 0.0833007
-3.32 0.0837931
-3.31 0.0842891
-3.3 0.0847885
-3.29 0.0852915
-3.28 0.0857981
-3.27 0.0863082
-3.26 0.0868218
-3.25 0.087339
-3.24 0.0878597
-3.23 0.0883839
-3.22 0.0889117
-3.21 0.089443
-3.2 0.0899779
-3.19 0.0905163
-3.18 0.0910582
-3.17 0.0916037
-3.16 0.0921527
-3.15 0.0927053
-3.14 0.0932614
-3.13 0.093821
-3.12 0.0943842
-3.11 0.0949509
-3.1 0.0955212
-3.09 0.0960949
-3.08 0.0966723
-3.07 0.0972532
-3.06 0.0978376
-3.05 0.0984255
-3.04 0.099017
-3.03 0.099612
-3.02 0.100211
-3.01 0.100813
-3 0.101418
-2.99 0.102028
-2.98 0.102643
-2.97 0.103263
-2.96 0.103887
-2.95 0.104517
-2.94 0.105151
-2.93 0.105791
-2.92 0.106435
-2.91 0.107084
-2.9 0.107738
-2.89 0.108397
-2.88 0.109061
-2.87 0.10973
-2.86 0.110404
-2.85 0.111082
-2.84 0.111766
-2.83 0.112455
-2.82 0.113148
-2.81 0.113846
-2.8 0.114549
-2.79 0.115258
-2.78 0.115971
-2.77 0.116689
-2.76 0.117412
-2.75 0.118139
-2.74 0.118872
-2.73 0.11961
-2.72 0.120352
-2.71 0.1211
-2.7 0.121852
-2.69 0.122609
-2.68 0.123371
-2.67 0.124139
-2.66 0.124911
-2.65 0.125687
-2.64 0.126469
-2.63 0.127256
-2.62 0.128048
-2.61 0.128844
-2.6 0.129646
-2.59 0.130452
-2.58 0.131264
-2.57 0.13208
-2.56 0.132901
-2.55 0.133727
-2.54 0.134558
-2.53 0.135394
-2.52 0.136235
-2.51 0.13708
-2.5 0.137931
-2.49 0.138787
-2.48 0.139647
-2.47 0.140512
-2.46 0.141383
-2.45 0.142258
-2.44 0.143138
-2.43 0.144023
-2.42 0.144913
-2.41 0.145808
-2.4 0.146708
-2.39 0.147612
-2.38 0.148522
-2.37 0.149436
-2.36 0.150356
-2.35 0.15128
-2.34 0.152209
-2.33 0.153143
-2.32 0.154083
-2.31 0.155027
-2.3 0.155975
-2.29 0.156929
-2.28 0.157888
-2.27 0.158852
-2.26 0.15982
-2.25 0.160794
-2.24 0.161772
-2.23 0.162755
-2.22 0.163743
-2.21 0.164737
-2.2 0.165735
-2.19 0.166738
-2.18 0.167745
-2.17 0.168758
-2.16 0.169776
-2.15 0.170798
-2.14 0.171826
-2.13 0.172858
-2.12 0.173896
-2.11 0.174938
-2.1 0.175985
-2.09 0.177037
-2.08 0.178094
-2.07 0.179156
-2.06 0.180223
-2.05 0.181295
-2.04 0.182371
-2.03 0.183453
-2.02 0.184539
-2.01 0.185631
-2 0.186727
-1.99 0.187852
-1.98 0.18903
-1.97 0.190261
-1.96 0.191545
-1.95 0.192881
-1.94 0.19427
-1.93 0.195712
-1.92 0.197207
-1.91 0.198755
-1.9 0.200356
-1.89 0.202009
-1.88 0.203715
-1.87 0.205474
-1.86 0.207286
-1.85 0.209151
-1.84 0.211068
-1.83 0.213039
-1.82 0.215062
-1.81 0.217138
-1.8 0.219266
-1.79 0.221448
-1.78 0.223682
-1.77 0.22597
-1.76 0.22831
-1.75 0.230703
-1.74 0.233148
-1.73 0.235647
-1.72 0.238198
-1.71 0.240802
-1.7 0.243459
-1.69 0.246169
-1.68 0.248932
-1.67 0.251747
-1.66 0.254616
-1.65 0.257537
-1.64 0.260511
-1.63 0.263538
-1.62 0.266617
-1.61 0.26975
-1.6 0.272935
-1.59 0.276173
-1.58 0.279464
-1.57 0.282807
-1.56 0.286204
-1.55 0.289653
-1.54 0.293155
-1.53 0.29671
-1.52 0.300318
-1.51 0.303979
-1.5 0.307692
-1.49 0.311459
-1.48 0.315278
-1.47 0.31915
-1.46 0.323074
-1.45 0.327052
-1.44 0.331082
-1.43 0.335166
-1.42 0.339302
-1.41 0.34349
-1.4 0.347732
-1.39 0.352027
-1.38 0.356374
-1.37 0.360774
-1.36 0.365227
-1.35 0.369733
-1.34 0.374291
-1.33 0.378903
-1.32 0.383567
-1.31 0.388284
-1.3 0.393054
-1.29 0.397877
-1.28 0.402752
-1.27 0.407681
-1.26 0.412662
-1.25 0.417696
-1.24 0.422783
-1.23 0.427922
-1.22 0.433115
-1.21 0.43836
-1.2 0.443658
-1.19 0.449009
-1.18 0.454413
-1.17 0.45987
-1.16 0.465379
-1.15 0.470941
-1.14 0.476556
-1.13 0.482224
-1.12 0.487945
-1.11 0.493718
-1.1 0.499545
-1.09 0.505424
-1.08 0.511356
-1.07 0.517341
-1.06 0.523378
-1.05 0.529469
-1.04 0.535612
-1.03 0.541808
-1.02 0.548057
-1.01 0.554359
-1 0.560713
-0.99 0.567062
-0.98 0.573348
-0.97 0.579569
-0.96 0.585727
-0.95 0.591821
-0.94 0.597851
-0.93 0.603817
-0.92 0.609719
-0.91 0.615558
-0.9 0.621333
-0.89 0.627044
-0.88 0.632691
-0.87 0.638274
-0.86 0.643794
-0.85 0.649249
-0.84 0.654641
-0.83 0.659969
-0.82 0.665234
-0.81 0.670434
-0.8 0.675571
-0.79 0.680644
-0.78 0.685653
-0.77 0.690598
-0.76 0.69548
-0.75 0.700297
-0.74 0.705051
-0.73 0.709741
-0.72 0.714367
-0.71 0.71893
-0.7 0.723428
-0.69 0.727863
-0.68 0.732234
-0.67 0.736541
-0.66 0.740785
-0.65 0.744964
-0.64 0.74908
-0.63 0.753132
-0.62 0.75712
-0.61 0.761044
-0.6 0.764905
-0.59 0.768701
-0.58 0.772434
-0.57 0.776103
-0.56 0.779708
-0.55 0.78325
-0.54 0.786728
-0.53 0.790141
-0.52 0.793491
-0.51 0.796778
-0.5 0.8
-0.49 0.803159
-0.48 0.806253
-0.47 0.809284
-0.46 0.812251
-0.45 0.815155
-0.44 0.817994
-0.43 0.82077
-0.42 0.823482
-0.41 0.82613
-0.4 0.828714
-0.39 0.831235
-0.38 0.833692
-0.37 0.836084
-0.36 0.838413
-0.35 0.840679
-0.34 0.84288
-0.33 0.845018
-0.32 0.847092
-0.31 0.849102
-0.3 0.851048
-0.29 0.85293
-0.28 0.854749
-0.27 0.856504
-0.26 0.858195
-0.25 0.859822
-0.24 0.861385
-0.23 0.862885
-0.22 0.86432
-0.21 0.865692
-0.2 0.867
-0.19 0.868245
-0.18 0.869425
-0.17 0.870542
-0.16 0.871595
-0.15 0.872584
-0.14 0.873509
-0.13 0.87437
-0.12 0.875168
-0.11 0.875902
-0.1 0.876572
-0.09 0.877178
-0.08 0.87772
-0.07 0.878199
-0.06 0.878614
-0.05 0.878965
-0.04 0.879252
-0.03 0.879475
-0.02 0.879635
-0.01 0.87973
-6.23078e-14 0.879762
0.01 0.87973
0.02 0.879635
0.03 0.879475
0.04 0.879252
0.05 0.878965
0.06 0.878614
0.07 0.878199
0.08 0.87772
0.09 0.877178
0.1 0.876572
0.11 0.875902
0.12 0.875168
0.13 0.87437
0.14 0.873509
0.15 0.872584
0.16 0.871595
0.17 0.870542
0.18 0.869425
0.19 0.868245
0.2 0.867
0.21 0.865692
0.22 0.86432
0.23 0.862885
0.24 0.861385
0.25 0.859822
0.26 0.858195
0.27 0.856504
0.28 0.854749
0.29 0.85293
0.3 0.851048
0.31 0.849102
0.32 0.847092
0.33 0.845018
0.34 0.84288
0.35 0.840679
0.36 0.838413
0.37 0.836084
0.38 0.833692
0.39 0.831235
0.4 0.828714
0.41 0.82613
0.42 0.823482
0.43 0.82077
0.44 0.817994
0.45 0.815155
0.46 0.812251
0.47 0.809284
0.48 0.806253
0.49 0.803159
0.5 0.8
0.51 0.796778
0.52 0.793491
0.53 0.790141
0.54 0.786728
0.55 0.78325
0.56 0.779708
0.57 0.776103
0.58 0.772434
0.59 0.768701
0.6 0.764905
0.61 0.761044
0.62 0.75712
0.63 0.753132
0.64 0.74908
0.65 0.744964
0.66 0.740785
0.67 0.736541
0.68 0.732234
0.69 0.727863
0.7 0.723428
0.71 0.71893
0.72 0.714367
0.73 0.709741
0.74 0.705051
0.75 0.700297
0.76 0.69548
0.77 0.690598
0.78 0.685653
0.79 0.680644
0.8 0.675571
0.81 0.670434
0.82 0.665234
0.83 0.659969
0.84 0.654641
0.85 0.649249
0.86 0.643794
0.87 0.638274
0.88 0.632691
0.89 0.627044
0.9 0.621333
0.91 0.615558
0.92 0.609719
0.93 0.603817
0.94 0.597851
0.95 0.591821
0.96 0.585727
0.97 0.579569
0.98 0.573348
0.99 0.567062
1 0.560713
1.01 0.554359
1.02 0.548057
1.03 0.541808
1.04 0.535612
1.05 0.529469
1.06 0.523378
1.07 0.517341
1.08 0.511356
1.09 0.505424
1.1 0.499545
1.11 0.493718
1.12 0.487945
1.13 0.482224
1.14 0.476556
1.15 0.470941
1.16 0.465379
1.17 0.45987
1.18 0.454413
1.19 0.449009
1.2 0.443658
1.21 0.43836
1.22 0.433115
1.23 0.427922
1.24 0.422783
1.25 0.417696
1.26 0.412662
1.27 0.407681
1.28 0.402752
1.29 0.397877
1.3 0.393054
1.31 0.388284
1.32 0.383567
1.33 0.378903
1.34 0.374291
1.35 0.369733
1.36 0.365227
1.37 0.360774
1.38 0.356374
1.39 0.352027
1.4 0.347732
1.41 0.34349
1.42 0.339302
1.43 0.335166
1.44 0.331082
1.45 0.327052
1.46 0.323074
1.47 0.31915
1.48 0.315278
1.49 0.311459
1.5 0.307692
1.51 0.303979
1.52 0.300318
1.53 0.29671
1.54 0.293155
1.55 0.289653
1.56 0.286204
1.57 0.282807
1.58 0.279464
1.59 0.276173
1.6 0.272935
1.61 0.26975
1.62 0.266617
1.63 0.263538
1.64 0.260511
1.65 0.257537
1.66 0.254616
1.67 0.251747
1.68 0.248932
1.69 0.246169
1.7 0.243459
1.71 0.240802
1.72 0.238198
1.73 0.235647
1.74 0.233148
1.75 0.230703
1.76 0.22831
1.77 0.22597
1.78 0.223682
1.79 0.221448
1.8 0.219266
1.81 0.217138
1.82 0.215062
1.83 0.213039
1.84 0.211068
1.85 0.209151
1.86 0.207286
1.87 0.205474
1.88 0.203715
1.89 0.202009
1.9 0.200356
1.91 0.198755
1.92 0.197207
1.93 0.195712
1.94 0.19427
1.95 0.192881
1.96 0.191545
1.97 0.190261
1.98 0.18903
1.99 0.187852
2 0.186727
2.01 0.185631
2.02 0.184539
2.03 0.183453
2.04 0.182371
2.05 0.181295
2.06 0.180223
2.07 0.179156
2.08 0.178094
2.09 0.177037
2.1 0.175985
2.11 0.174938
2.12 0.173896
2.13 0.172858
2.14 0.171826
2.15 0.170798
2.16 0.169776
2.17 0.168758
2.18 0.167745
2.19 0.166738
2.2 0.165735
2.21 0.164737
2.22 0.163743
2.23 0.162755
2.24 0.161772
2.25 0.160794
2.26 0.15982
2.27 0.158852
2.28 0.157888
2.29 0.156929
2.3 0.155975
2.31 0.155027
2.32 0.154083
2.33 0.153143
2.34 0.152209
2.35 0.15128
2.36 0.150356
2.37 0.149436
2.38 0.148522
2.39 0.147612
2.4 0.146708
2.41 0.145808
2.42 0.144913
2.43 0.144023
2.44 0.143138
2.45 0.142258
2.46 0.141383
2.47 0.140512
2.48 0.139647
2.49 0.138787
2.5 0.137931
2.51 0.13708
2.52 0.136235
2.53 0.135394
2.54 0.134558
2.55 0.133727
2.56 0.132901
2.57 0.13208
2.58 0.131264
2.59 0.130452
2.6 0.129646
2.61 0.128844
2.62 0.128048
2.63 0.127256
2.64 0.126469
2.65 0.125687
2.66 0.124911
2.67 0.124139
2.68 0.123371
2.69 0.122609
2.7 0.121852
2.71 0.1211
2.72 0.120352
2.73 0.11961
2.74 0.118872
2.75 0.118139
2.76 0.117412
2.77 0.116689
2.78 0.115971
2.79 0.115258
2.8 0.114549
2.81 0.113846
2.82 0.113148
2.83 0.112455
2.84 0.111766
2.85 0.111082
2.86 0.110404
2.87 0.10973
2.88 0.109061
2.89 0.108397
2.9 0.107738
2.91 0.107084
2.92 0.106435
2.93 0.105791
2.94 0.105151
2.95 0.104517
2.96 0.103887
2.97 0.103263
2.98 0.102643
2.99 0.102028
3 0.101418
3.01 0.100813
3.02 0.100211
3.03 0.099612
3.04 0.099017
3.05 0.0984255
3.06 0.0978376
3.07 0.0972532
3.08 0.0966723
3.09 0.0960949
3.1 0.0955212
3.11 0.0949509
3.12 0.0943842
3.13 0.093821
3.14 0.0932614
3.15 0.0927053
3.16 0.0921527
3.17 0.0916037
3.18 0.0910582
3.19 0.0905163
3.2 0.0899779
3.21 0.089443
3.22 0.0889117
3.23 0.0883839
3.24 0.0878597
3.25 0.087339
3.26 0.0868218
3.27 0.0863082
3.28 0.0857981
3.29 0.0852915
3.3 0.0847885
3.31 0.0842891
3.32 0.0837931
3.33 0.0833007
3.34 0.0828119
3.35 0.0823266
3.36 0.0818448
3.37 0.0813666
3.38 0.0808919
3.39 0.0804208
3.4 0.0799531
3.41 0.0794891
3.42 0.0790285
3.43 0.0785715
3.44 0.0781181
3.45 0.0776682
3.46 0.0772218
3.47 0.076779
3.48 0.0763397
3.49 0.0759039
3.5 0.0754717
3.51 0.075043
3.52 0.0746179
3.53 0.0741963
3.54 0.0737782
3.55 0.0733637
3.56 0.0729527
3.57 0.0725453
3.58 0.0721414
3.59 0.071741
3.6 0.0713442
3.61 0.0709509
3.62 0.0705612
3.63 0.070175
3.64 0.0697923
3.65 0.0694132
3.66 0.0690376
3.67 0.0686656
3.68 0.068297
3.69 0.0679321
3.7 0.0675707
3.71 0.0672128
3.72 0.0668584
3.73 0.0665076
3.74 0.0661603
3.75 0.0658166
3.76 0.0654764
3.77 0.0651398
3.78 0.0648067
3.79 0.0644771
3.8 0.0641511
3.81 0.0638286
3.82 0.0635096
3.83 0.0631942
3.84 0.0628823
3.85 0.062574
3.86 0.0622692
3.87 0.0619679
3.88 0.0616702
3.89 0.061376
3.9 0.0610854
3.91 0.0607983
3.92 0.0605147
3.93 0.0602347
3.94 0.0599582
3.95 0.0596853
3.96 0.0594159
3.97 0.05915
3.98 0.0588877
3.99 0.0586289
4 0.0583737
4.01 0.0581208
4.02 0.0578689
4.03 0.0576182
4.04 0.0573685
4.05 0.0571199
4.06 0.0568724
4.07 0.056626
4.08 0.0563807
4.09 0.0561365
4.1 0.0558933
4.11 0.0556513
4.12 0.0554103
4.13 0.0551704
4.14 0.0549316
4.15 0.0546939
4.16 0.0544573
4.17 0.0542217
4.18 0.0539873
4.19 0.0537539
4.2 0.0535216
4.21 0.0532904
4.22 0.0530603
4.23 0.0528313
4.24 0.0526034
4.25 0.0523766
4.26 0.0521508
4.27 0.0519261
4.28 0.0517026
4.29 0.0514801
4.3 0.0512587
4.31 0.0510383
4.32 0.0508191
4.33 0.050601
4.34 0.0503839
4.35 0.0501679
4.36 0.0499531
4.37 0.0497393
4.38 0.0495265
4.39 0.0493149
4.4 0.0491044
4.41 0.0488949
4.42 0.0486866
4.43 0.0484793
4.44 0.0482731
4.45 0.048068
4.46 0.047864
4.47 0.0476611
4.48 0.0474592
4.49 0.0472585
4.5 0.0470588
4.51 0.0468602
4.52 0.0466628
4.53 0.0464664
4.54 0.046271
4.55 0.0460768
4.56 0.0458837
4.57 0.0456916
4.58 0.0455006
4.59 0.0453108
4.6 0.045122
4.61 0.0449343
4.62 0.0447476
4.63 0.0445621
4.64 0.0443777
4.65 0.0441943
4.66 0.044012
4.67 0.0438308
4.68 0.0436507
4.69 0.0434717
4.7 0.0432938
4.71 0.043117
4.72 0.0429412
4.73 0.0427665
4.74 0.042593
4.75 0.0424205
4.76 0.0422491
4.77 0.0420788
4.78 0.0419095
4.79 0.0417414
4.8 0.0415743
4.81 0.0414084
4.82 0.0412435
4.83 0.0410797
4.84 0.040917
4.85 0.0407554
4.86 0.0405948
4.87 0.0404354
4.88 0.040277
4.89 0.0401198
4.9 0.0399636
4.91 0.0398085
4.92 0.0396545
4.93 0.0395016
4.94 0.0393497
4.95 0.039199
4.96 0.0390493
4.97 0.0389007
4.98 0.0387533
4.99 0.0386069
5 0.0384615
