7.77632e-11 -1.15469
-0.0173045 -1.13993
-0.0346073 -1.12517
-0.0519068 -1.11041
-0.0692013 -1.09566
-0.0864891 -1.0809
-0.103768 -1.06616
-0.121038 -1.05141
-0.138295 -1.03667
-0.15554 -1.02194
-0.172769 -1.00722
-0.189981 -0.992502
-0.207175 -0.977795
-0.224349 -0.963099
-0.241501 -0.948413
-0.25863 -0.933738
-0.275734 -0.919077
-0.29281 -0.904428
-0.309859 -0.889794
-0.326877 -0.875174
-0.343863 -0.86057
-0.360816 -0.845983
-0.377734 -0.831414
-0.394615 -0.816862
-0.411457 -0.80233
-0.42826 -0.787817
-0.44502 -0.773326
-0.461737 -0.758856
-0.478408 -0.744408
-0.495033 -0.729983
-0.511609 -0.715583
-0.528135 -0.701207
-0.544609 -0.686858
-0.56103 -0.672534
-0.577395 -0.658239
-0.593703 -0.643971
-0.609953 -0.629732
-0.626143 -0.615524
-0.64227 -0.601346
-0.658334 -0.587199
-0.674332 -0.573085
-0.690264 -0.559004
-0.706127 -0.544957
-0.72192 -0.530945
-0.73764 -0.516969
-0.753287 -0.503029
-0.768859 -0.489127
-0.784353 -0.475262
-0.799769 -0.461437
-0.815105 -0.447651
-0.830358 -0.433907
-0.845528 -0.420203
-0.860613 -0.406542
-0.87561 -0.392925
-0.890519 -0.379351
-0.905337 -0.365822
-0.920063 -0.352338
-0.934695 -0.338901
-0.949232 -0.325512
-0.963672 -0.31217
-0.978013 -0.298878
-0.992253 -0.285635
-1.00639 -0.272443
-1.02043 -0.259302
-1.03436 -0.246213
-1.04818 -0.233175
-1.06189 -0.220188
-1.0755 -0.207249
-1.089 -0.194359
-1.10239 -0.181516
-1.11566 -0.168719
-1.12882 -0.155968
-1.14187 -0.143262
-1.15481 -0.130598
-1.16763 -0.117978
-1.18033 -0.105399
-1.19291 -0.0928612
-1.20538 -0.080363
-1.21772 -0.0679037
-1.22995 -0.0554824
-1.24205 -0.043098
-1.25403 -0.0307497
-1.26588 -0.0184366
-1.27762 -0.00615769
-1.28922 0.00608796
-1.3007 0.0183013
-1.31205 0.0304832
-1.32327 0.0426346
-1.33436 0.0547566
-1.34532 0.0668499
-1.35614 0.0789156
-1.36684 0.0909545
-1.37739 0.102968
-1.38782 0.114956
-1.3981 0.12692
-1.40825 0.138862
-1.41826 0.150781
-1.42814 0.162679
-1.43787 0.174558
-1.44746 0.186416
-1.4569 0.198257
-1.46621 0.21008
-1.47536 0.221887
-1.48438 0.233678
-1.49324 0.245455
-1.50196 0.257218
-1.51053 0.268968
-1.51895 0.280707
-1.52722 0.292435
-1.53533 0.304153
-1.5433 0.315862
-1.55111 0.327563
-1.55876 0.339257
-1.56626 0.350945
-1.5736 0.362627
-1.58079 0.374306
-1.58781 0.385981
-1.59467 0.397653
-1.60138 0.409324
-1.60792 0.420995
-1.61429 0.432666
-1.62051 0.444338
-1.62655 0.456013
-1.63243 0.467691
-1.63815 0.479373
-1.64369 0.49106
-1.64907 0.502753
-1.65427 0.514453
-1.65931 0.526158
-1.66417 0.537867
-1.66887 0.549581
-1.67339 0.561298
-1.67774 0.573016
-1.68193 0.584737
-1.68594 0.596457
-1.68979 0.608178
-1.69346 0.619898
-1.69696 0.631615
-1.70029 0.64333
-1.70346 0.655041
-1.70645 0.666748
-1.70927 0.67845
-1.71192 0.690145
-1.7144 0.701834
-1.71672 0.713515
-1.71886 0.725187
-1.72083 0.73685
-1.72263 0.748503
-1.72426 0.760145
-1.72572 0.771775
-1.72701 0.783392
-1.72813 0.794996
-1.72908 0.806586
-1.72986 0.81816
-1.73047 0.829718
-1.73091 0.84126
-1.73118 0.852783
-1.73128 0.864289
-1.7312 0.875775
-1.73096 0.887241
-1.73055 0.898685
-1.72997 0.910109
-1.72922 0.921509
-1.72829 0.932886
-1.7272 0.944239
-1.72594 0.955567
-1.7245 0.966868
-1.7229 0.978143
-1.72113 0.98939
-1.71918 1.00061
-1.71707 1.0118
-1.71478 1.02296
-1.71233 1.03409
-1.7097 1.04518
-1.70691 1.05625
-1.70394 1.06728
-1.70081 1.07828
-1.6975 1.08924
-1.69403 1.10016
-1.69038 1.11105
-1.68657 1.1219
-1.68258 1.13272
-1.67842 1.14349
-1.6741 1.15423
-1.6696 1.16492
-1.66493 1.17557
-1.66009 1.18618
-1.65509 1.19675
-1.64991 1.20727
-1.64456 1.21774
-1.63904 1.22817
-1.63335 1.23855
-1.6275 1.24887
-1.62148 1.25913
-1.61529 1.26933
-1.60894 1.27946
-1.60243 1.28951
-1.59575 1.29949
-1.58891 1.30939
-1.58191 1.3192
-1.57476 1.32892
-1.56744 1.33855
-1.55997 1.34808
-1.55234 1.3575
-1.54455 1.36682
-1.53661 1.37603
-1.52852 1.38513
-1.52028 1.39411
-1.51188 1.40296
-1.50334 1.41168
-1.49464 1.42028
-1.4858 1.42873
-1.47681 1.43705
-1.46767 1.44522
-1.45839 1.45325
-1.44897 1.46112
-1.4394 1.46883
-1.4297 1.47638
-1.41985 1.48377
-1.40986 1.49098
-1.39973 1.49803
-1.38946 1.50489
-1.37906 1.51157
-1.36853 1.51807
-1.35785 1.52437
-1.34705 1.53048
-1.33611 1.53639
-1.32504 1.5421
-1.31384 1.5476
-1.30251 1.55289
-1.29106 1.55796
-1.27947 1.56281
-1.26776 1.56743
-1.25593 1.57183
-1.24397 1.576
-1.23188 1.57992
-1.21968 1.58361
-1.20735 1.58705
-1.1949 1.59024
-1.18234 1.59317
-1.16966 1.59585
-1.15686 1.59827
-1.14394 1.60041
-1.13091 1.60229
-1.11776 1.60389
-1.10451 1.60522
-1.09114 1.60625
-1.07766 1.60701
-1.06407 1.60747
-1.05037 1.60763
-1.03656 1.60749
-1.02265 1.60705
-1.00863 1.6063
-0.994512 1.60524
-0.980288 1.60388
-0.965963 1.60222
-0.951538 1.60028
-0.937017 1.59804
-0.9224 1.59552
-0.907688 1.59273
-0.892885 1.58966
-0.87799 1.58632
-0.863007 1.58272
-0.847936 1.57887
-0.83278 1.57476
-0.81754 1.5704
-0.802217 1.56581
-0.786814 1.56097
-0.771332 1.5559
-0.755772 1.5506
-0.740137 1.54508
-0.724428 1.53934
-0.708647 1.53339
-0.692795 1.52723
-0.676874 1.52087
-0.660886 1.51431
-0.644833 1.50755
-0.628715 1.50061
-0.612536 1.49348
-0.596295 1.48618
-0.579996 1.4787
-0.56364 1.47105
-0.547228 1.46324
-0.530763 1.45527
-0.514245 1.44715
-0.497676 1.43888
-0.481059 1.43046
-0.464395 1.4219
-0.447685 1.41321
-0.430932 1.40439
-0.414136 1.39545
-0.3973 1.38639
-0.380425 1.37721
-0.363513 1.36792
-0.346566 1.35853
-0.329585 1.34904
-0.312571 1.33946
-0.295528 1.32978
-0.278455 1.32002
-0.261356 1.31018
-0.244231 1.30027
-0.227082 1.29028
-0.209912 1.28024
-0.192721 1.27013
-0.175511 1.25996
-0.158285 1.24975
-0.141043 1.23949
-0.123787 1.22919
-0.10652 1.21885
-0.0892417 1.20849
-0.0719551 1.1981
-0.0546616 1.18768
-0.0373628 1.17726
-0.0200604 1.16682
-0.00275605 1.15637
-7.77632e-11 -1.15469
0.0173045 -1.13993
0.0346073 -1.12517
0.0519068 -1.11041
0.0692013 -1.09566
0.0864891 -1.0809
0.103768 -1.06616
0.121038 -1.05141
0.138295 -1.03667
0.15554 -1.02194
0.172769 -1.00722
0.189981 -0.992502
0.207175 -0.977795
0.224349 -0.963099
0.241501 -0.948413
0.25863 -0.933738
0.275734 -0.919077
0.29281 -0.904428
0.309859 -0.889794
0.326877 -0.875174
0.343863 -0.86057
0.360816 -0.845983
0.377734 -0.831414
0.394615 -0.816862
0.411457 -0.80233
0.42826 -0.787817
0.44502 -0.773326
0.461737 -0.758856
0.478408 -0.744408
0.495033 -0.729983
0.511609 -0.715583
0.528135 -0.701207
0.544609 -0.686858
0.56103 -0.672534
0.577395 -0.658239
0.593703 -0.643971
0.609953 -0.629732
0.626143 -0.615524
0.64227 -0.601346
0.658334 -0.587199
0.674332 -0.573085
0.690264 -0.559004
0.706127 -0.544957
0.72192 -0.530945
0.73764 -0.516969
0.753287 -0.503029
0.768859 -0.489127
0.784353 -0.475262
0.799769 -0.461437
0.815105 -0.447651
0.830358 -0.433907
0.845528 -0.420203
0.860613 -0.406542
0.87561 -0.392925
0.890519 -0.379351
0.905337 -0.365822
0.920063 -0.352338
0.934695 -0.338901
0.949232 -0.325512
0.963672 -0.31217
0.978013 -0.298878
0.992253 -0.285635
1.00639 -0.272443
1.02043 -0.259302
1.03436 -0.246213
1.04818 -0.233175
1.06189 -0.220188
1.0755 -0.207249
1.089 -0.194359
1.10239 -0.181516
1.11566 -0.168719
1.12882 -0.155968
1.14187 -0.143262
1.15481 -0.130598
1.16763 -0.117978
1.18033 -0.105399
1.19291 -0.0928612
1.20538 -0.080363
1.21772 -0.0679037
1.22995 -0.0554824
1.24205 -0.043098
1.25403 -0.0307497
1.26588 -0.0184366
1.27762 -0.00615769
1.28922 0.00608796
1.3007 0.0183013
1.31205 0.0304832
1.32327 0.0426346
1.33436 0.0547566
1.34532 0.0668499
1.35614 0.0789156
1.36684 0.0909545
1.37739 0.102968
1.38782 0.114956
1.3981 0.12692
1.40825 0.138862
1.41826 0.150781
1.42814 0.162679
1.43787 0.174558
1.44746 0.186416
1.4569 0.198257
1.46621 0.21008
1.47536 0.221887
1.48438 0.233678
1.49324 0.245455
1.50196 0.257218
1.51053 0.268968
1.51895 0.280707
1.52722 0.292435
1.53533 0.304153
1.5433 0.315862
1.55111 0.327563
1.55876 0.339257
1.56626 0.350945
1.5736 0.362627
1.58079 0.374306
1.58781 0.385981
1.59467 0.397653
1.60138 0.409324
1.60792 0.420995
1.61429 0.432666
1.62051 0.444338
1.62655 0.456013
1.63243 0.467691
1.63815 0.479373
1.64369 0.49106
1.64907 0.502753
1.65427 0.514453
1.65931 0.526158
1.66417 0.537867
1.66887 0.549581
1.67339 0.561298
1.67774 0.573016
1.68193 0.584737
1.68594 0.596457
1.68979 0.608178
1.69346 0.619898
1.69696 0.631615
1.70029 0.64333
1.70346 0.655041
1.70645 0.666748
1.70927 0.67845
1.71192 0.690145
1.7144 0.701834
1.71672 0.713515
1.71886 0.725187
1.72083 0.73685
1.72263 0.748503
1.72426 0.760145
1.72572 0.771775
1.72701 0.783392
1.72813 0.794996
1.72908 0.806586
1.72986 0.81816
1.73047 0.829718
1.73091 0.84126
1.73118 0.852783
1.73128 0.864289
1.7312 0.875775
1.73096 0.887241
1.73055 0.898685
1.72997 0.910109
1.72922 0.921509
1.72829 0.932886
1.7272 0.944239
1.72594 0.955567
1.7245 0.966868
1.7229 0.978143
1.72113 0.98939
1.71918 1.00061
1.71707 1.0118
1.71478 1.02296
1.71233 1.03409
1.7097 1.04518
1.70691 1.05625
1.70394 1.06728
1.70081 1.07828
1.6975 1.08924
1.69403 1.10016
1.69038 1.11105
1.68657 1.1219
1.68258 1.13272
1.67842 1.14349
1.6741 1.15423
1.6696 1.16492
1.66493 1.17557
1.66009 1.18618
1.65509 1.19675
1.64991 1.20727
1.64456 1.21774
1.63904 1.22817
1.63335 1.23855
1.6275 1.24887
1.62148 1.25913
1.61529 1.26933
1.60894 1.27946
1.60243 1.28951
1.59575 1.29949
1.58891 1.30939
1.58191 1.3192
1.57476 1.32892
1.56744 1.33855
1.55997 1.34808
1.55234 1.3575
1.54455 1.36682
1.53661 1.37603
1.52852 1.38513
1.52028 1.39411
1.51188 1.40296
1.50334 1.41168
1.49464 1.42028
1.4858 1.42873
1.47681 1.43705
1.46767 1.44522
1.45839 1.45325
1.44897 1.46112
1.4394 1.46883
1.4297 1.47638
1.41985 1.48377
1.40986 1.49098
1.39973 1.49803
1.38946 1.50489
1.37906 1.51157
1.36853 1.51807
1.35785 1.52437
1.34705 1.53048
1.33611 1.53639
1.32504 1.5421
1.31384 1.5476
1.30251 1.55289
1.29106 1.55796
1.27947 1.56281
1.26776 1.56743
1.25593 1.57183
1.24397 1.576
1.23188 1.57992
1.21968 1.58361
1.20735 1.58705
1.1949 1.59024
1.18234 1.59317
1.16966 1.59585
1.15686 1.59827
1.14394 1.60041
1.13091 1.60229
1.11776 1.60389
1.10451 1.60522
1.09114 1.60625
1.07766 1.60701
1.06407 1.60747
1.05037 1.60763
1.03656 1.60749
1.02265 1.60705
1.00863 1.6063
0.994512 1.60524
0.980288 1.60388
0.965963 1.60222
0.951538 1.60028
0.937017 1.59804
0.9224 1.59552
0.907688 1.59273
0.892885 1.58966
0.87799 1.58632
0.863007 1.58272
0.847936 1.57887
0.83278 1.57476
0.81754 1.5704
0.802217 1.56581
0.786814 1.56097
0.771332 1.5559
0.755772 1.5506
0.740137 1.54508
0.724428 1.53934
0.708647 1.53339
0.692795 1.52723
0.676874 1.52087
0.660886 1.51431
0.644833 1.50755
0.628715 1.50061
0.612536 1.49348
0.596295 1.48618
0.579996 1.4787
0.56364 1.47105
0.547228 1.46324
0.530763 1.45527
0.514245 1.44715
0.497676 1.43888
0.481059 1.43046
0.464395 1.4219
0.447685 1.41321
0.430932 1.40439
0.414136 1.39545
0.3973 1.38639
0.380425 1.37721
0.363513 1.36792
0.346566 1.35853
0.329585 1.34904
0.312571 1.33946
0.295528 1.32978
0.278455 1.32002
0.261356 1.31018
0.244231 1.30027
0.227082 1.29028
0.209912 1.28024
0.192721 1.27013
0.175511 1.25996
0.158285 1.24975
0.141043 1.23949
0.123787 1.22919
0.10652 1.21885
0.0892417 1.20849
0.0719551 1.1981
0.0546616 1.18768
0.0373628 1.17726
0.0200604 1.16682
0.00275605 1.15637
