7.77632e-11 -1.15469
-0.0173202 -1.12872
-0.0346386 -1.10282
-0.0519536 -1.07706
-0.0692634 -1.05152
-0.0865662 -1.02627
-0.10386 -1.00139
-0.121144 -0.976939
-0.138416 -0.953
-0.155674 -0.929643
-0.172916 -0.90694
-0.190142 -0.884965
-0.207348 -0.86379
-0.224533 -0.843487
-0.241696 -0.82413
-0.258834 -0.805791
-0.275947 -0.788543
-0.293032 -0.772402
-0.310088 -0.75729
-0.327113 -0.743119
-0.344105 -0.729802
-0.361063 -0.717251
-0.377984 -0.705377
-0.394868 -0.694094
-0.411712 -0.683314
-0.428516 -0.672948
-0.445276 -0.66291
-0.461992 -0.65311
-0.478662 -0.643463
-0.495284 -0.633879
-0.511856 -0.624271
-0.528377 -0.614551
-0.544845 -0.604635
-0.561259 -0.594496
-0.577616 -0.584149
-0.593916 -0.573613
-0.610156 -0.562907
-0.626335 -0.552048
-0.642452 -0.541055
-0.658505 -0.529945
-0.674491 -0.518738
-0.690411 -0.507452
-0.706261 -0.496104
-0.722041 -0.484713
-0.737748 -0.473297
-0.753382 -0.461875
-0.768941 -0.450464
-0.784422 -0.439083
-0.799825 -0.427747
-0.815148 -0.416456
-0.830389 -0.405203
-0.845547 -0.393983
-0.860621 -0.382789
-0.875608 -0.371615
-0.890508 -0.360454
-0.905319 -0.349301
-0.92004 -0.33815
-0.934669 -0.326993
-0.949204 -0.315825
-0.963645 -0.30464
-0.977989 -0.293432
-0.992235 -0.282193
-1.00638 -0.270919
-1.02043 -0.259602
-1.03437 -0.248239
-1.04821 -0.23683
-1.06195 -0.225378
-1.07558 -0.213883
-1.0891 -0.202348
-1.10251 -0.190773
-1.11582 -0.179161
-1.12901 -0.167514
-1.14209 -0.155832
-1.15505 -0.144118
-1.1679 -0.132373
-1.18063 -0.120599
-1.19325 -0.108797
-1.20574 -0.0969687
-1.21812 -0.0851163
-1.23037 -0.0732411
-1.2425 -0.0613441
-1.2545 -0.0494254
-1.26638 -0.0374851
-1.27813 -0.0255235
-1.28976 -0.0135405
-1.30125 -0.00153652
-1.31262 0.0104885
-1.32385 0.0225343
-1.33496 0.0346008
-1.34593 0.0466879
-1.35676 0.0587953
-1.36746 0.070923
-1.37802 0.0830708
-1.38845 0.0952386
-1.39873 0.107426
-1.40888 0.119634
-1.41888 0.13186
-1.42874 0.144104
-1.43846 0.156366
-1.44804 0.168643
-1.45747 0.180936
-1.46675 0.193244
-1.47589 0.205565
-1.48488 0.217899
-1.49373 0.230245
-1.50242 0.242601
-1.51096 0.254967
-1.51935 0.267343
-1.5276 0.279727
-1.53568 0.292118
-1.54362 0.304515
-1.5514 0.316918
-1.55902 0.329325
-1.56649 0.341736
-1.5738 0.354149
-1.58095 0.366564
-1.58795 0.37898
-1.59478 0.391396
-1.60146 0.403811
-1.60798 0.416224
-1.61434 0.428634
-1.62053 0.44104
-1.62657 0.453441
-1.63244 0.465837
-1.63815 0.478226
-1.64369 0.490607
-1.64907 0.50298
-1.65428 0.515343
-1.65933 0.527696
-1.66421 0.540037
-1.66893 0.552366
-1.67348 0.564681
-1.67786 0.57698
-1.68208 0.589264
-1.68612 0.601531
-1.69 0.61378
-1.69371 0.62601
-1.69725 0.638219
-1.70062 0.650407
-1.70382 0.662573
-1.70685 0.674715
-1.70971 0.686833
-1.7124 0.698925
-1.71491 0.71099
-1.71726 0.723027
-1.71943 0.735036
-1.72143 0.747014
-1.72326 0.758961
-1.72491 0.770876
-1.7264 0.782757
-1.72771 0.794603
-1.72885 0.806414
-1.72981 0.818188
-1.73061 0.829924
-1.73123 0.84162
-1.73168 0.853276
-1.73195 0.864891
-1.73205 0.876463
-1.73198 0.887991
-1.73173 0.899475
-1.73131 0.910912
-1.73072 0.922303
-1.72995 0.933644
-1.72901 0.944937
-1.7279 0.956178
-1.72662 0.967368
-1.72516 0.978504
-1.72353 0.989586
-1.72173 1.00061
-1.71976 1.01158
-1.71761 1.0225
-1.7153 1.03335
-1.71281 1.04414
-1.71015 1.05487
-1.70732 1.06554
-1.70431 1.07615
-1.70114 1.08669
-1.6978 1.09717
-1.69428 1.10757
-1.6906 1.11791
-1.68675 1.12818
-1.68273 1.13838
-1.67854 1.14851
-1.67419 1.15856
-1.66967 1.16854
-1.66498 1.17845
-1.66012 1.18828
-1.6551 1.19803
-1.64991 1.2077
-1.64456 1.21729
-1.63904 1.2268
-1.63336 1.23623
-1.62751 1.24558
-1.6215 1.25484
-1.61533 1.26401
-1.609 1.2731
-1.60251 1.28209
-1.59586 1.291
-1.58905 1.29982
-1.58208 1.30854
-1.57495 1.31718
-1.56766 1.32571
-1.56022 1.33415
-1.55262 1.3425
-1.54487 1.35075
-1.53696 1.35889
-1.52889 1.36694
-1.52068 1.37489
-1.51231 1.38273
-1.50379 1.39047
-1.49512 1.3981
-1.4863 1.40563
-1.47733 1.41305
-1.46822 1.42037
-1.45896 1.42757
-1.44955 1.43467
-1.44 1.44165
-1.4303 1.44852
-1.42046 1.45528
-1.41048 1.46193
-1.40036 1.46845
-1.39009 1.47487
-1.37969 1.48116
-1.36915 1.48734
-1.35847 1.49339
-1.34766 1.49932
-1.33671 1.50513
-1.32563 1.51081
-1.31442 1.51636
-1.30307 1.52178
-1.2916 1.52707
-1.27999 1.53223
-1.26826 1.53725
-1.2564 1.54214
-1.24442 1.54689
-1.23231 1.5515
-1.22008 1.55597
-1.20772 1.5603
-1.19524 1.56448
-1.18265 1.56853
-1.16994 1.57243
-1.1571 1.57619
-1.14416 1.57981
-1.1311 1.58329
-1.11792 1.58663
-1.10464 1.58983
-1.09124 1.59289
-1.07774 1.59581
-1.06413 1.59859
-1.05041 1.60123
-1.03658 1.60373
-1.02266 1.60609
-1.00863 1.60832
-0.994495 1.6104
-0.980265 1.61232
-0.965936 1.61409
-0.951511 1.61569
-0.93699 1.61712
-0.922376 1.61836
-0.90767 1.61942
-0.892873 1.62027
-0.877987 1.62092
-0.863013 1.62136
-0.847953 1.62157
-0.832809 1.62155
-0.817581 1.6213
-0.802271 1.6208
-0.786881 1.62005
-0.771411 1.61904
-0.755865 1.61779
-0.740243 1.61631
-0.724547 1.61463
-0.708779 1.61276
-0.69294 1.61073
-0.677031 1.60854
-0.661055 1.60623
-0.645013 1.6038
-0.628906 1.60128
-0.612737 1.59868
-0.596506 1.59603
-0.580216 1.59334
-0.563868 1.59063
-0.547463 1.58792
-0.531003 1.58523
-0.514491 1.58254
-0.497926 1.57976
-0.481312 1.57681
-0.46465 1.57359
-0.447941 1.57
-0.431188 1.56595
-0.414391 1.56136
-0.397553 1.55611
-0.380676 1.55013
-0.36376 1.54332
-0.346808 1.53559
-0.329821 1.52683
-0.312802 1.51697
-0.295751 1.5059
-0.27867 1.49354
-0.261562 1.47978
-0.244427 1.46465
-0.227268 1.44823
-0.210086 1.4306
-0.192883 1.41187
-0.175661 1.39212
-0.158421 1.37144
-0.141166 1.34993
-0.123896 1.32767
-0.106614 1.30476
-0.0893212 1.28128
-0.0720196 1.25734
-0.0547108 1.23302
-0.0373965 1.20841
-0.0200785 1.1836
-0.00275855 1.15868
-7.77632e-11 -1.15469
0.0173202 -1.12872
0.0346386 -1.10282
0.0519536 -1.07706
0.0692634 -1.05152
0.0865662 -1.02627
0.10386 -1.00139
0.121144 -0.976939
0.138416 -0.953
0.155674 -0.929643
0.172916 -0.90694
0.190142 -0.884965
0.207348 -0.86379
0.224533 -0.843487
0.241696 -0.82413
0.258834 -0.805791
0.275947 -0.788543
0.293032 -0.772402
0.310088 -0.75729
0.327113 -0.743119
0.344105 -0.729802
0.361063 -0.717251
0.377984 -0.705377
0.394868 -0.694094
0.411712 -0.683314
0.428516 -0.672948
0.445276 -0.66291
0.461992 -0.65311
0.478662 -0.643463
0.495284 -0.633879
0.511856 -0.624271
0.528377 -0.614551
0.544845 -0.604635
0.561259 -0.594496
0.577616 -0.584149
0.593916 -0.573613
0.610156 -0.562907
0.626335 -0.552048
0.642452 -0.541055
0.658505 -0.529945
0.674491 -0.518738
0.690411 -0.507452
0.706261 -0.496104
0.722041 -0.484713
0.737748 -0.473297
0.753382 -0.461875
0.768941 -0.450464
0.784422 -0.439083
0.799825 -0.427747
0.815148 -0.416456
0.830389 -0.405203
0.845547 -0.393983
0.860621 -0.382789
0.875608 -0.371615
0.890508 -0.360454
0.905319 -0.349301
0.92004 -0.33815
0.934669 -0.326993
0.949204 -0.315825
0.963645 -0.30464
0.977989 -0.293432
0.992235 -0.282193
1.00638 -0.270919
1.02043 -0.259602
1.03437 -0.248239
1.04821 -0.23683
1.06195 -0.225378
1.07558 -0.213883
1.0891 -0.202348
1.10251 -0.190773
1.11582 -0.179161
1.12901 -0.167514
1.14209 -0.155832
1.15505 -0.144118
1.1679 -0.132373
1.18063 -0.120599
1.19325 -0.108797
1.20574 -0.0969687
1.21812 -0.0851163
1.23037 -0.0732411
1.2425 -0.0613441
1.2545 -0.0494254
1.26638 -0.0374851
1.27813 -0.0255235
1.28976 -0.0135405
1.30125 -0.00153652
1.31262 0.0104885
1.32385 0.0225343
1.33496 0.0346008
1.34593 0.0466879
1.35676 0.0587953
1.36746 0.070923
1.37802 0.0830708
1.38845 0.0952386
1.39873 0.107426
1.40888 0.119634
1.41888 0.13186
1.42874 0.144104
1.43846 0.156366
1.44804 0.168643
1.45747 0.180936
1.46675 0.193244
1.47589 0.205565
1.48488 0.217899
1.49373 0.230245
1.50242 0.242601
1.51096 0.254967
1.51935 0.267343
1.5276 0.279727
1.53568 0.292118
1.54362 0.304515
1.5514 0.316918
1.55902 0.329325
1.56649 0.341736
1.5738 0.354149
1.58095 0.366564
1.58795 0.37898
1.59478 0.391396
1.60146 0.403811
1.60798 0.416224
1.61434 0.428634
1.62053 0.44104
1.62657 0.453441
1.63244 0.465837
1.63815 0.478226
1.64369 0.490607
1.64907 0.50298
1.65428 0.515343
1.65933 0.527696
1.66421 0.540037
1.66893 0.552366
1.67348 0.564681
1.67786 0.57698
1.68208 0.589264
1.68612 0.601531
1.69 0.61378
1.69371 0.62601
1.69725 0.638219
1.70062 0.650407
1.70382 0.662573
1.70685 0.674715
1.70971 0.686833
1.7124 0.698925
1.71491 0.71099
1.71726 0.723027
1.71943 0.735036
1.72143 0.747014
1.72326 0.758961
1.72491 0.770876
1.7264 0.782757
1.72771 0.794603
1.72885 0.806414
1.72981 0.818188
1.73061 0.829924
1.73123 0.84162
1.73168 0.853276
1.73195 0.864891
1.73205 0.876463
1.73198 0.887991
1.73173 0.899475
1.73131 0.910912
1.73072 0.922303
1.72995 0.933644
1.72901 0.944937
1.7279 0.956178
1.72662 0.967368
1.72516 0.978504
1.72353 0.989586
1.72173 1.00061
1.71976 1.01158
1.71761 1.0225
1.7153 1.03335
1.71281 1.04414
1.71015 1.05487
1.70732 1.06554
1.70431 1.07615
1.70114 1.08669
1.6978 1.09717
1.69428 1.10757
1.6906 1.11791
1.68675 1.12818
1.68273 1.13838
1.67854 1.14851
1.67419 1.15856
1.66967 1.16854
1.66498 1.17845
1.66012 1.18828
1.6551 1.19803
1.64991 1.2077
1.64456 1.21729
1.63904 1.2268
1.63336 1.23623
1.62751 1.24558
1.6215 1.25484
1.61533 1.26401
1.609 1.2731
1.60251 1.28209
1.59586 1.291
1.58905 1.29982
1.58208 1.30854
1.57495 1.31718
1.56766 1.32571
1.56022 1.33415
1.55262 1.3425
1.54487 1.35075
1.53696 1.35889
1.52889 1.36694
1.52068 1.37489
1.51231 1.38273
1.50379 1.39047
1.49512 1.3981
1.4863 1.40563
1.47733 1.41305
1.46822 1.42037
1.45896 1.42757
1.44955 1.43467
1.44 1.44165
1.4303 1.44852
1.42046 1.45528
1.41048 1.46193
1.40036 1.46845
1.39009 1.47487
1.37969 1.48116
1.36915 1.48734
1.35847 1.49339
1.34766 1.49932
1.33671 1.50513
1.32563 1.51081
1.31442 1.51636
1.30307 1.52178
1.2916 1.52707
1.27999 1.53223
1.26826 1.53725
1.2564 1.54214
1.24442 1.54689
1.23231 1.5515
1.22008 1.55597
1.20772 1.5603
1.19524 1.56448
1.18265 1.56853
1.16994 1.57243
1.1571 1.57619
1.14416 1.57981
1.1311 1.58329
1.11792 1.58663
1.10464 1.58983
1.09124 1.59289
1.07774 1.59581
1.06413 1.59859
1.05041 1.60123
1.03658 1.60373
1.02266 1.60609
1.00863 1.60832
0.994495 1.6104
0.980265 1.61232
0.965936 1.61409
0.951511 1.61569
0.93699 1.61712
0.922376 1.61836
0.90767 1.61942
0.892873 1.62027
0.877987 1.62092
0.863013 1.62136
0.847953 1.62157
0.832809 1.62155
0.817581 1.6213
0.802271 1.6208
0.786881 1.62005
0.771411 1.61904
0.755865 1.61779
0.740243 1.61631
0.724547 1.61463
0.708779 1.61276
0.69294 1.61073
0.677031 1.60854
0.661055 1.60623
0.645013 1.6038
0.628906 1.60128
0.612737 1.59868
0.596506 1.59603
0.580216 1.59334
0.563868 1.59063
0.547463 1.58792
0.531003 1.58523
0.514491 1.58254
0.497926 1.57976
0.481312 1.57681
0.46465 1.57359
0.447941 1.57
0.431188 1.56595
0.414391 1.56136
0.397553 1.55611
0.380676 1.55013
0.36376 1.54332
0.346808 1.53559
0.329821 1.52683
0.312802 1.51697
0.295751 1.5059
0.27867 1.49354
0.261562 1.47978
0.244427 1.46465
0.227268 1.44823
0.210086 1.4306
0.192883 1.41187
0.175661 1.39212
0.158421 1.37144
0.141166 1.34993
0.123896 1.32767
0.106614 1.30476
0.0893212 1.28128
0.0720196 1.25734
0.0547108 1.23302
0.0373965 1.20841
0.0200785 1.1836
0.00275855 1.15868
