7.77632e-11 -1.15469
-0.0173202 -1.10404
-0.0346387 -1.05595
-0.0519537 -1.01298
-0.0692636 -0.977705
-0.0865665 -0.951557
-0.103861 -0.932369
-0.121145 -0.91725
-0.138416 -0.903309
-0.155674 -0.888519
-0.172917 -0.873101
-0.190142 -0.857635
-0.207348 -0.8427
-0.224533 -0.828638
-0.241696 -0.815285
-0.258834 -0.802412
-0.275947 -0.789792
-0.293032 -0.777284
-0.310088 -0.7649
-0.327113 -0.752663
-0.344105 -0.740599
-0.361063 -0.728711
-0.377985 -0.716974
-0.394869 -0.705361
-0.411713 -0.693843
-0.428516 -0.682404
-0.445277 -0.671036
-0.461992 -0.659735
-0.478662 -0.648494
-0.495284 -0.637306
-0.511856 -0.626165
-0.528377 -0.615063
-0.544845 -0.603992
-0.561259 -0.592948
-0.577617 -0.581926
-0.593916 -0.570921
-0.610157 -0.55993
-0.626336 -0.548949
-0.642453 -0.537975
-0.658506 -0.527004
-0.674492 -0.516033
-0.690412 -0.50506
-0.706262 -0.494082
-0.722041 -0.483096
-0.737749 -0.472102
-0.753382 -0.461096
-0.768941 -0.450077
-0.784422 -0.439044
-0.799825 -0.427994
-0.815148 -0.416927
-0.830389 -0.40584
-0.845548 -0.394734
-0.860622 -0.383607
-0.875609 -0.372457
-0.89051 -0.361285
-0.905321 -0.350088
-0.920041 -0.338867
-0.93467 -0.327621
-0.949205 -0.316349
-0.963646 -0.305051
-0.977989 -0.293726
-0.992236 -0.282375
-1.00638 -0.270995
-1.02043 -0.259588
-1.03437 -0.248153
-1.04821 -0.23669
-1.06195 -0.225198
-1.07558 -0.213678
-1.0891 -0.20213
-1.10251 -0.190553
-1.11582 -0.178949
-1.12901 -0.167315
-1.14209 -0.155654
-1.15505 -0.143964
-1.1679 -0.132247
-1.18063 -0.120502
-1.19325 -0.10873
-1.20574 -0.09693
-1.21812 -0.0851037
-1.23037 -0.0732509
-1.2425 -0.0613719
-1.2545 -0.0494671
-1.26638 -0.037537
-1.27813 -0.025582
-1.28976 -0.0136024
-1.30126 -0.00159888
-1.31262 0.0104282
-1.32386 0.0224782
-1.33496 0.0345507
-1.34593 0.0466451
-1.35676 0.0587608
-1.36746 0.0708973
-1.37802 0.0830538
-1.38845 0.0952298
-1.39873 0.107425
-1.40888 0.119638
-1.41888 0.131868
-1.42874 0.144116
-1.43846 0.156379
-1.44804 0.168658
-1.45747 0.180951
-1.46676 0.193258
-1.47589 0.205578
-1.48489 0.217911
-1.49373 0.230255
-1.50242 0.24261
-1.51096 0.254974
-1.51936 0.267348
-1.5276 0.27973
-1.53568 0.292119
-1.54362 0.304515
-1.5514 0.316916
-1.55902 0.329322
-1.56649 0.341732
-1.5738 0.354144
-1.58095 0.366559
-1.58795 0.378975
-1.59479 0.391391
-1.60146 0.403806
-1.60798 0.416219
-1.61434 0.42863
-1.62053 0.441036
-1.62657 0.453439
-1.63244 0.465835
-1.63815 0.478225
-1.64369 0.490607
-1.64907 0.50298
-1.65428 0.515344
-1.65933 0.527697
-1.66422 0.540038
-1.66893 0.552367
-1.67348 0.564681
-1.67786 0.576981
-1.68208 0.589265
-1.68612 0.601531
-1.69 0.61378
-1.69371 0.62601
-1.69725 0.638219
-1.70062 0.650407
-1.70382 0.662573
-1.70685 0.674715
-1.70971 0.686833
-1.7124 0.698925
-1.71491 0.71099
-1.71726 0.723027
-1.71943 0.735035
-1.72143 0.747014
-1.72326 0.758961
-1.72492 0.770875
-1.7264 0.782756
-1.72771 0.794603
-1.72885 0.806413
-1.72982 0.818187
-1.73061 0.829923
-1.73123 0.84162
-1.73168 0.853276
-1.73195 0.864891
-1.73205 0.876463
-1.73198 0.887991
-1.73173 0.899475
-1.73131 0.910912
-1.73072 0.922302
-1.72995 0.933644
-1.72902 0.944936
-1.7279 0.956178
-1.72662 0.967367
-1.72516 0.978504
-1.72353 0.989586
-1.72173 1.00061
-1.71976 1.01158
-1.71761 1.0225
-1.7153 1.03335
-1.71281 1.04414
-1.71015 1.05487
-1.70732 1.06554
-1.70431 1.07615
-1.70114 1.08669
-1.6978 1.09717
-1.69429 1.10757
-1.6906 1.11791
-1.68675 1.12818
-1.68273 1.13838
-1.67855 1.14851
-1.67419 1.15857
-1.66967 1.16855
-1.66498 1.17845
-1.66012 1.18828
-1.6551 1.19803
-1.64991 1.2077
-1.64456 1.21729
-1.63904 1.2268
-1.63336 1.23623
-1.62751 1.24557
-1.62151 1.25483
-1.61534 1.26401
-1.60901 1.27309
-1.60251 1.28209
-1.59586 1.291
-1.58905 1.29981
-1.58208 1.30854
-1.57495 1.31717
-1.56766 1.32571
-1.56022 1.33415
-1.55262 1.3425
-1.54487 1.35075
-1.53696 1.35889
-1.52889 1.36694
-1.52068 1.37489
-1.51231 1.38274
-1.50379 1.39048
-1.49512 1.39811
-1.4863 1.40564
-1.47734 1.41307
-1.46822 1.42038
-1.45896 1.42759
-1.44955 1.43468
-1.44 1.44167
-1.4303 1.44854
-1.42046 1.45529
-1.41048 1.46193
-1.40036 1.46845
-1.39009 1.47486
-1.37969 1.48115
-1.36915 1.48731
-1.35848 1.49336
-1.34766 1.49928
-1.33671 1.50508
-1.32563 1.51075
-1.31442 1.5163
-1.30307 1.52172
-1.2916 1.52701
-1.27999 1.53217
-1.26826 1.5372
-1.2564 1.54209
-1.24442 1.54686
-1.23231 1.55149
-1.22008 1.55598
-1.20772 1.56033
-1.19524 1.56455
-1.18265 1.56862
-1.16994 1.57256
-1.15711 1.57635
-1.14416 1.58
-1.1311 1.5835
-1.11793 1.58686
-1.10464 1.59007
-1.09125 1.59312
-1.07774 1.59603
-1.06413 1.59879
-1.05041 1.60139
-1.03658 1.60383
-1.02266 1.60612
-1.00863 1.60825
-0.994495 1.61022
-0.980265 1.61203
-0.965937 1.61368
-0.951512 1.61516
-0.936991 1.61647
-0.922378 1.61762
-0.907671 1.61859
-0.892875 1.6194
-0.877988 1.62003
-0.863014 1.62048
-0.847954 1.62076
-0.832809 1.62085
-0.817581 1.62076
-0.802271 1.62049
-0.786881 1.62004
-0.771412 1.61939
-0.755865 1.61855
-0.740244 1.61752
-0.724548 1.61628
-0.70878 1.61485
-0.692941 1.61322
-0.677032 1.61138
-0.661056 1.60933
-0.645014 1.60706
-0.628907 1.60458
-0.612738 1.60188
-0.596507 1.59895
-0.580216 1.5958
-0.563868 1.59241
-0.547463 1.58877
-0.531003 1.5849
-0.514491 1.58077
-0.497927 1.57639
-0.481313 1.57173
-0.46465 1.56681
-0.447942 1.5616
-0.431188 1.55611
-0.414392 1.55032
-0.397554 1.54422
-0.380676 1.53782
-0.363761 1.53106
-0.346809 1.52394
-0.329822 1.51641
-0.312802 1.50849
-0.295751 1.50018
-0.27867 1.49152
-0.261562 1.48253
-0.244427 1.47308
-0.227268 1.46297
-0.210086 1.45195
-0.192883 1.43983
-0.175661 1.42686
-0.158421 1.41362
-0.141166 1.40069
-0.123896 1.38848
-0.106614 1.3753
-0.0893215 1.35826
-0.0720198 1.33446
-0.054711 1.3014
-0.0373967 1.26002
-0.0200786 1.21294
-0.00275856 1.1628
-7.77632e-11 -1.15469
0.0173202 -1.10404
0.0346387 -1.05595
0.0519537 -1.01298
0.0692636 -0.977705
0.0865665 -0.951557
0.103861 -0.932369
0.121145 -0.91725
0.138416 -0.903309
0.155674 -0.888519
0.172917 -0.873101
0.190142 -0.857635
0.207348 -0.8427
0.224533 -0.828638
0.241696 -0.815285
0.258834 -0.802412
0.275947 -0.789792
0.293032 -0.777284
0.310088 -0.7649
0.327113 -0.752663
0.344105 -0.740599
0.361063 -0.728711
0.377985 -0.716974
0.394869 -0.705361
0.411713 -0.693843
0.428516 -0.682404
0.445277 -0.671036
0.461992 -0.659735
0.478662 -0.648494
0.495284 -0.637306
0.511856 -0.626165
0.528377 -0.615063
0.544845 -0.603992
0.561259 -0.592948
0.577617 -0.581926
0.593916 -0.570921
0.610157 -0.55993
0.626336 -0.548949
0.642453 -0.537975
0.658506 -0.527004
0.674492 -0.516033
0.690412 -0.50506
0.706262 -0.494082
0.722041 -0.483096
0.737749 -0.472102
0.753382 -0.461096
0.768941 -0.450077
0.784422 -0.439044
0.799825 -0.427994
0.815148 -0.416927
0.830389 -0.40584
0.845548 -0.394734
0.860622 -0.383607
0.875609 -0.372457
0.89051 -0.361285
0.905321 -0.350088
0.920041 -0.338867
0.93467 -0.327621
0.949205 -0.316349
0.963646 -0.305051
0.977989 -0.293726
0.992236 -0.282375
1.00638 -0.270995
1.02043 -0.259588
1.03437 -0.248153
1.04821 -0.23669
1.06195 -0.225198
1.07558 -0.213678
1.0891 -0.20213
1.10251 -0.190553
1.11582 -0.178949
1.12901 -0.167315
1.14209 -0.155654
1.15505 -0.143964
1.1679 -0.132247
1.18063 -0.120502
1.19325 -0.10873
1.20574 -0.09693
1.21812 -0.0851037
1.23037 -0.0732509
1.2425 -0.0613719
1.2545 -0.0494671
1.26638 -0.037537
1.27813 -0.025582
1.28976 -0.0136024
1.30126 -0.00159888
1.31262 0.0104282
1.32386 0.0224782
1.33496 0.0345507
1.34593 0.0466451
1.35676 0.0587608
1.36746 0.0708973
1.37802 0.0830538
1.38845 0.0952298
1.39873 0.107425
1.40888 0.119638
1.41888 0.131868
1.42874 0.144116
1.43846 0.156379
1.44804 0.168658
1.45747 0.180951
1.46676 0.193258
1.47589 0.205578
1.48489 0.217911
1.49373 0.230255
1.50242 0.24261
1.51096 0.254974
1.51936 0.267348
1.5276 0.27973
1.53568 0.292119
1.54362 0.304515
1.5514 0.316916
1.55902 0.329322
1.56649 0.341732
1.5738 0.354144
1.58095 0.366559
1.58795 0.378975
1.59479 0.391391
1.60146 0.403806
1.60798 0.416219
1.61434 0.42863
1.62053 0.441036
1.62657 0.453439
1.63244 0.465835
1.63815 0.478225
1.64369 0.490607
1.64907 0.50298
1.65428 0.515344
1.65933 0.527697
1.66422 0.540038
1.66893 0.552367
1.67348 0.564681
1.67786 0.576981
1.68208 0.589265
1.68612 0.601531
1.69 0.61378
1.69371 0.62601
1.69725 0.638219
1.70062 0.650407
1.70382 0.662573
1.70685 0.674715
1.70971 0.686833
1.7124 0.698925
1.71491 0.71099
1.71726 0.723027
1.71943 0.735035
1.72143 0.747014
1.72326 0.758961
1.72492 0.770875
1.7264 0.782756
1.72771 0.794603
1.72885 0.806413
1.72982 0.818187
1.73061 0.829923
1.73123 0.84162
1.73168 0.853276
1.73195 0.864891
1.73205 0.876463
1.73198 0.887991
1.73173 0.899475
1.73131 0.910912
1.73072 0.922302
1.72995 0.933644
1.72902 0.944936
1.7279 0.956178
1.72662 0.967367
1.72516 0.978504
1.72353 0.989586
1.72173 1.00061
1.71976 1.01158
1.71761 1.0225
1.7153 1.03335
1.71281 1.04414
1.71015 1.05487
1.70732 1.06554
1.70431 1.07615
1.70114 1.08669
1.6978 1.09717
1.69429 1.10757
1.6906 1.11791
1.68675 1.12818
1.68273 1.13838
1.67855 1.14851
1.67419 1.15857
1.66967 1.16855
1.66498 1.17845
1.66012 1.18828
1.6551 1.19803
1.64991 1.2077
1.64456 1.21729
1.63904 1.2268
1.63336 1.23623
1.62751 1.24557
1.62151 1.25483
1.61534 1.26401
1.60901 1.27309
1.60251 1.28209
1.59586 1.291
1.58905 1.29981
1.58208 1.30854
1.57495 1.31717
1.56766 1.32571
1.56022 1.33415
1.55262 1.3425
1.54487 1.35075
1.53696 1.35889
1.52889 1.36694
1.52068 1.37489
1.51231 1.38274
1.50379 1.39048
1.49512 1.39811
1.4863 1.40564
1.47734 1.41307
1.46822 1.42038
1.45896 1.42759
1.44955 1.43468
1.44 1.44167
1.4303 1.44854
1.42046 1.45529
1.41048 1.46193
1.40036 1.46845
1.39009 1.47486
1.37969 1.48115
1.36915 1.48731
1.35848 1.49336
1.34766 1.49928
1.33671 1.50508
1.32563 1.51075
1.31442 1.5163
1.30307 1.52172
1.2916 1.52701
1.27999 1.53217
1.26826 1.5372
1.2564 1.54209
1.24442 1.54686
1.23231 1.55149
1.22008 1.55598
1.20772 1.56033
1.19524 1.56455
1.18265 1.56862
1.16994 1.57256
1.15711 1.57635
1.14416 1.58
1.1311 1.5835
1.11793 1.58686
1.10464 1.59007
1.09125 1.59312
1.07774 1.59603
1.06413 1.59879
1.05041 1.60139
1.03658 1.60383
1.02266 1.60612
1.00863 1.60825
0.994495 1.61022
0.980265 1.61203
0.965937 1.61368
0.951512 1.61516
0.936991 1.61647
0.922378 1.61762
0.907671 1.61859
0.892875 1.6194
0.877988 1.62003
0.863014 1.62048
0.847954 1.62076
0.832809 1.62085
0.817581 1.62076
0.802271 1.62049
0.786881 1.62004
0.771412 1.61939
0.755865 1.61855
0.740244 1.61752
0.724548 1.61628
0.70878 1.61485
0.692941 1.61322
0.677032 1.61138
0.661056 1.60933
0.645014 1.60706
0.628907 1.60458
0.612738 1.60188
0.596507 1.59895
0.580216 1.5958
0.563868 1.59241
0.547463 1.58877
0.531003 1.5849
0.514491 1.58077
0.497927 1.57639
0.481313 1.57173
0.46465 1.56681
0.447942 1.5616
0.431188 1.55611
0.414392 1.55032
0.397554 1.54422
0.380676 1.53782
0.363761 1.53106
0.346809 1.52394
0.329822 1.51641
0.312802 1.50849
0.295751 1.50018
0.27867 1.49152
0.261562 1.48253
0.244427 1.47308
0.227268 1.46297
0.210086 1.45195
0.192883 1.43983
0.175661 1.42686
0.158421 1.41362
0.141166 1.40069
0.123896 1.38848
0.106614 1.3753
0.0893215 1.35826
0.0720198 1.33446
0.054711 1.3014
0.0373967 1.26002
0.0200786 1.21294
0.00275856 1.1628
