0 4
0.01 3.98
0.02 3.96
0.03 3.94
0.04 3.92
0.05 3.9
0.06 3.88
0.07 3.86
0.08 3.84
0.09 3.82
0.1 3.8
0.11 3.78
0.12 3.76
0.13 3.74
0.14 3.72
0.15 3.7
0.16 3.68
0.17 3.66
0.18 3.64
0.19 3.62
0.2 3.6
0.21 3.58
0.22 3.56
0.23 3.54
0.24 3.52
0.25 3.5
0.26 3.48
0.27 3.46
0.28 3.44
0.29 3.42
0.3 3.4
0.31 3.38
0.32 3.36
0.33 3.34
0.34 3.32
0.35 3.3
0.36 3.28
0.37 3.26
0.38 3.24
0.39 3.22
0.4 3.2
0.41 3.18
0.42 3.16
0.43 3.14
0.44 3.12
0.45 3.1
0.46 3.08
0.47 3.06
0.48 3.04
0.49 3.02
0.5 3
0.51 2.98
0.52 2.96
0.53 2.94
0.54 2.92
0.55 2.9
0.56 2.88
0.57 2.86
0.58 2.84
0.59 2.82
0.6 2.8
0.61 2.78
0.62 2.76
0.63 2.74
0.64 2.72
0.65 2.7
0.66 2.68
0.67 2.66
0.68 2.64
0.69 2.62
0.7 2.6
0.71 2.58
0.72 2.56
0.73 2.54
0.74 2.52
0.75 2.5
0.76 2.48
0.77 2.46
0.78 2.44
0.79 2.42
0.8 2.4
0.81 2.38
0.82 2.36
0.83 2.34
0.84 2.32
0.85 2.3
0.86 2.28
0.87 2.26
0.88 2.24
0.89 2.22
0.9 2.2
0.91 2.18
0.92 2.16
0.93 2.14
0.94 2.12
0.95 2.1
0.96 2.08
0.97 2.06
0.98 2.04
0.99 2.02
1 2
1.01 1.98
1.02 1.96
1.03 1.94
1.04 1.92
1.05 1.9
1.06 1.88
1.07 1.86
1.08 1.84
1.09 1.82
1.1 1.8
1.11 1.78
1.12 1.76
1.13 1.74
1.14 1.72
1.15 1.7
1.16 1.68
1.17 1.66
1.18 1.64
1.19 1.62
1.2 1.6
1.21 1.58
1.22 1.56
1.23 1.54
1.24 1.52
1.25 1.5
1.26 1.48
1.27 1.46
1.28 1.44
1.29 1.42
1.3 1.4
1.31 1.38
1.32 1.36
1.33 1.34
1.34 1.32
1.35 1.3
1.36 1.28
1.37 1.26
1.38 1.24
1.39 1.22
1.4 1.2
1.41 1.18
1.42 1.16
1.43 1.14
1.44 1.12
1.45 1.1
1.46 1.08
1.47 1.06
1.48 1.04
1.49 1.02
1.5 1
1.51 0.98
1.52 0.96
1.53 0.94
1.54 0.92
1.55 0.9
1.56 0.88
1.57 0.86
1.58 0.84
1.59 0.82
1.6 0.8
1.61 0.78
1.62 0.76
1.63 0.74
1.64 0.72
1.65 0.7
1.66 0.68
1.67 0.66
1.68 0.64
1.69 0.62
1.7 0.6
1.71 0.58
1.72 0.56
1.73 0.54
1.74 0.52
1.75 0.5
1.76 0.48
1.77 0.46
1.78 0.44
1.79 0.42
1.8 0.4
1.81 0.38
1.82 0.36
1.83 0.34
1.84 0.32
1.85 0.3
1.86 0.28
1.87 0.26
1.88 0.24
1.89 0.22
1.9 0.2
1.91 0.18
1.92 0.16
1.93 0.14
1.94 0.12
1.95 0.1
1.96 0.08
1.97 0.06
1.98 0.04
1.99 0.02
2 0
2.01 0
2.02 0
2.03 0
2.04 0
2.05 0
2.06 0
2.07 0
2.08 0
2.09 0
2.1 0
2.11 0
2.12 0
2.13 0
2.14 0
2.15 0
2.16 0
2.17 0
2.18 0
2.19 0
2.2 0
2.21 0
2.22 0
2.23 0
2.24 0
2.25 0
2.26 0
2.27 0
2.28 0
2.29 0
2.3 0
2.31 0
2.32 0
2.33 0
2.34 0
2.35 0
2.36 0
2.37 0
2.38 0
2.39 0
2.4 0
2.41 0
2.42 0
2.43 0
2.44 0
2.45 0
2.46 0
2.47 0
2.48 0
2.49 0
2.5 0
2.51 0
2.52 0
2.53 0
2.54 0
2.55 0
2.56 0
2.57 0
2.58 0
2.59 0
2.6 0
2.61 0
2.62 0
2.63 0
2.64 0
2.65 0
2.66 0
2.67 0
2.68 0
2.69 0
2.7 0
2.71 0
2.72 0
2.73 0
2.74 0
2.75 0
2.76 0
2.77 0
2.78 0
2.79 0
2.8 0
2.81 0
2.82 0
2.83 0
2.84 0
2.85 0
2.86 0
2.87 0
2.88 0
2.89 0
2.9 0
2.91 0
2.92 0
2.93 0
2.94 0
2.95 0
2.96 0
2.97 0
2.98 0
2.99 0
3 0
