0 9
0.01 8.94
0.02 8.88
0.03 8.82
0.04 8.76
0.05 8.7
0.06 8.64
0.07 8.58
0.08 8.52
0.09 8.46
0.1 8.4
0.11 8.34
0.12 8.28
0.13 8.22
0.14 8.16
0.15 8.1
0.16 8.04
0.17 7.98
0.18 7.92
0.19 7.86
0.2 7.8
0.21 7.74
0.22 7.68
0.23 7.62
0.24 7.56
0.25 7.5
0.26 7.44
0.27 7.38
0.28 7.32
0.29 7.26
0.3 7.2
0.31 7.14
0.32 7.08
0.33 7.02
0.34 6.96
0.35 6.9
0.36 6.84
0.37 6.78
0.38 6.72
0.39 6.66
0.4 6.6
0.41 6.54
0.42 6.48
0.43 6.42
0.44 6.36
0.45 6.3
0.46 6.24
0.47 6.18
0.48 6.12
0.49 6.06
0.5 6
0.51 5.94
0.52 5.88
0.53 5.82
0.54 5.76
0.55 5.7
0.56 5.64
0.57 5.58
0.58 5.52
0.59 5.46
0.6 5.4
0.61 5.34
0.62 5.28
0.63 5.22
0.64 5.16
0.65 5.1
0.66 5.04
0.67 4.98
0.68 4.92
0.69 4.86
0.7 4.8
0.71 4.74
0.72 4.68
0.73 4.62
0.74 4.56
0.75 4.5
0.76 4.44
0.77 4.38
0.78 4.32
0.79 4.26
0.8 4.2
0.81 4.14
0.82 4.08
0.83 4.02
0.84 3.96
0.85 3.9
0.86 3.84
0.87 3.78
0.88 3.72
0.89 3.66
0.9 3.6
0.91 3.54
0.92 3.48
0.93 3.42
0.94 3.36
0.95 3.3
0.96 3.24
0.97 3.18
0.98 3.12
0.99 3.06
1 3
1.01 2.9403
1.02 2.8812
1.03 2.8227
1.04 2.7648
1.05 2.7075
1.06 2.6508
1.07 2.5947
1.08 2.5392
1.09 2.4843
1.1 2.43
1.11 2.3763
1.12 2.3232
1.13 2.2707
1.14 2.2188
1.15 2.1675
1.16 2.1168
1.17 2.0667
1.18 2.0172
1.19 1.9683
1.2 1.92
1.21 1.8723
1.22 1.8252
1.23 1.7787
1.24 1.7328
1.25 1.6875
1.26 1.6428
1.27 1.5987
1.28 1.5552
1.29 1.5123
1.3 1.47
1.31 1.4283
1.32 1.3872
1.33 1.3467
1.34 1.3068
1.35 1.2675
1.36 1.2288
1.37 1.1907
1.38 1.1532
1.39 1.1163
1.4 1.08
1.41 1.0443
1.42 1.0092
1.43 0.9747
1.44 0.9408
1.45 0.9075
1.46 0.8748
1.47 0.8427
1.48 0.8112
1.49 0.7803
1.5 0.75
1.51 0.7203
1.52 0.6912
1.53 0.6627
1.54 0.6348
1.55 0.6075
1.56 0.5808
1.57 0.5547
1.58 0.5292
1.59 0.5043
1.6 0.48
1.61 0.4563
1.62 0.4332
1.63 0.4107
1.64 0.3888
1.65 0.3675
1.66 0.3468
1.67 0.3267
1.68 0.3072
1.69 0.2883
1.7 0.27
1.71 0.2523
1.72 0.2352
1.73 0.2187
1.74 0.2028
1.75 0.1875
1.76 0.1728
1.77 0.1587
1.78 0.1452
1.79 0.1323
1.8 0.12
1.81 0.1083
1.82 0.0972
1.83 0.0867
1.84 0.0768
1.85 0.0675
1.86 0.0588
1.87 0.0507
1.88 0.0432
1.89 0.0363
1.9 0.03
1.91 0.0243
1.92 0.0192
1.93 0.0147
1.94 0.0108
1.95 0.0075
1.96 0.0048
1.97 0.0027
1.98 0.0012
1.99 0.0003
2 0
2.01 0
2.02 0
2.03 0
2.04 0
2.05 0
2.06 0
2.07 0
2.08 0
2.09 0
2.1 0
2.11 0
2.12 0
2.13 0
2.14 0
2.15 0
2.16 0
2.17 0
2.18 0
2.19 0
2.2 0
2.21 0
2.22 0
2.23 0
2.24 0
2.25 0
2.26 0
2.27 0
2.28 0
2.29 0
2.3 0
2.31 0
2.32 0
2.33 0
2.34 0
2.35 0
2.36 0
2.37 0
2.38 0
2.39 0
2.4 0
2.41 0
2.42 0
2.43 0
2.44 0
2.45 0
2.46 0
2.47 0
2.48 0
2.49 0
2.5 0
2.51 0
2.52 0
2.53 0
2.54 0
2.55 0
2.56 0
2.57 0
2.58 0
2.59 0
2.6 0
2.61 0
2.62 0
2.63 0
2.64 0
2.65 0
2.66 0
2.67 0
2.68 0
2.69 0
2.7 0
2.71 0
2.72 0
2.73 0
2.74 0
2.75 0
2.76 0
2.77 0
2.78 0
2.79 0
2.8 0
2.81 0
2.82 0
2.83 0
2.84 0
2.85 0
2.86 0
2.87 0
2.88 0
2.89 0
2.9 0
2.91 0
2.92 0
2.93 0
2.94 0
2.95 0
2.96 0
2.97 0
2.98 0
2.99 0
3 0
3.01 0
3.02 0
3.03 0
3.04 0
3.05 0
3.06 0
3.07 0
3.08 0
3.09 0
3.1 0
3.11 0
3.12 0
3.13 0
3.14 0
3.15 0
3.16 0
3.17 0
3.18 0
3.19 0
3.2 0
3.21 0
3.22 0
3.23 0
3.24 0
3.25 0
3.26 0
3.27 0
3.28 0
3.29 0
3.3 0
3.31 0
3.32 0
3.33 0
3.34 0
3.35 0
3.36 0
3.37 0
3.38 0
3.39 0
3.4 0
3.41 0
3.42 0
3.43 0
3.44 0
3.45 0
3.46 0
3.47 0
3.48 0
3.49 0
3.5 0
3.51 0
3.52 0
3.53 0
3.54 0
3.55 0
3.56 0
3.57 0
3.58 0
3.59 0
3.6 0
3.61 0
3.62 0
3.63 0
3.64 0
3.65 0
3.66 0
3.67 0
3.68 0
3.69 0
3.7 0
3.71 0
3.72 0
3.73 0
3.74 0
3.75 0
3.76 0
3.77 0
3.78 0
3.79 0
3.8 0
3.81 0
3.82 0
3.83 0
3.84 0
3.85 0
3.86 0
3.87 0
3.88 0
3.89 0
3.9 0
3.91 0
3.92 0
3.93 0
3.94 0
3.95 0
3.96 0
3.97 0
3.98 0
3.99 0
4 0
