0 27
0.01 26.8203
0.02 26.6412
0.03 26.4627
0.04 26.2848
0.05 26.1075
0.06 25.9308
0.07 25.7547
0.08 25.5792
0.09 25.4043
0.1 25.23
0.11 25.0563
0.12 24.8832
0.13 24.7107
0.14 24.5388
0.15 24.3675
0.16 24.1968
0.17 24.0267
0.18 23.8572
0.19 23.6883
0.2 23.52
0.21 23.3523
0.22 23.1852
0.23 23.0187
0.24 22.8528
0.25 22.6875
0.26 22.5228
0.27 22.3587
0.28 22.1952
0.29 22.0323
0.3 21.87
0.31 21.7083
0.32 21.5472
0.33 21.3867
0.34 21.2268
0.35 21.0675
0.36 20.9088
0.37 20.7507
0.38 20.5932
0.39 20.4363
0.4 20.28
0.41 20.1243
0.42 19.9692
0.43 19.8147
0.44 19.6608
0.45 19.5075
0.46 19.3548
0.47 19.2027
0.48 19.0512
0.49 18.9003
0.5 18.75
0.51 18.6003
0.52 18.4512
0.53 18.3027
0.54 18.1548
0.55 18.0075
0.56 17.8608
0.57 17.7147
0.58 17.5692
0.59 17.4243
0.6 17.28
0.61 17.1363
0.62 16.9932
0.63 16.8507
0.64 16.7088
0.65 16.5675
0.66 16.4268
0.67 16.2867
0.68 16.1472
0.69 16.0083
0.7 15.87
0.71 15.7323
0.72 15.5952
0.73 15.4587
0.74 15.3228
0.75 15.1875
0.76 15.0528
0.77 14.9187
0.78 14.7852
0.79 14.6523
0.8 14.52
0.81 14.3883
0.82 14.2572
0.83 14.1267
0.84 13.9968
0.85 13.8675
0.86 13.7388
0.87 13.6107
0.88 13.4832
0.89 13.3563
0.9 13.23
0.91 13.1043
0.92 12.9792
0.93 12.8547
0.94 12.7308
0.95 12.6075
0.96 12.4848
0.97 12.3627
0.98 12.2412
0.99 12.1203
1 12
1.01 11.8803
1.02 11.7612
1.03 11.6427
1.04 11.5248
1.05 11.4075
1.06 11.2908
1.07 11.1747
1.08 11.0592
1.09 10.9443
1.1 10.83
1.11 10.7163
1.12 10.6032
1.13 10.4907
1.14 10.3788
1.15 10.2675
1.16 10.1568
1.17 10.0467
1.18 9.9372
1.19 9.8283
1.2 9.72
1.21 9.6123
1.22 9.5052
1.23 9.3987
1.24 9.2928
1.25 9.1875
1.26 9.0828
1.27 8.9787
1.28 8.8752
1.29 8.7723
1.3 8.67
1.31 8.5683
1.32 8.4672
1.33 8.3667
1.34 8.2668
1.35 8.1675
1.36 8.0688
1.37 7.9707
1.38 7.8732
1.39 7.7763
1.4 7.68
1.41 7.5843
1.42 7.4892
1.43 7.3947
1.44 7.3008
1.45 7.2075
1.46 7.1148
1.47 7.0227
1.48 6.9312
1.49 6.8403
1.5 6.75
1.51 6.6603
1.52 6.5712
1.53 6.4827
1.54 6.3948
1.55 6.3075
1.56 6.2208
1.57 6.1347
1.58 6.0492
1.59 5.9643
1.6 5.88
1.61 5.7963
1.62 5.7132
1.63 5.6307
1.64 5.5488
1.65 5.4675
1.66 5.3868
1.67 5.3067
1.68 5.2272
1.69 5.1483
1.7 5.07
1.71 4.9923
1.72 4.9152
1.73 4.8387
1.74 4.7628
1.75 4.6875
1.76 4.6128
1.77 4.5387
1.78 4.4652
1.79 4.3923
1.8 4.32
1.81 4.2483
1.82 4.1772
1.83 4.1067
1.84 4.0368
1.85 3.9675
1.86 3.8988
1.87 3.8307
1.88 3.7632
1.89 3.6963
1.9 3.63
1.91 3.5643
1.92 3.4992
1.93 3.4347
1.94 3.3708
1.95 3.3075
1.96 3.2448
1.97 3.1827
1.98 3.1212
1.99 3.0603
2 3
2.01 2.9403
2.02 2.8812
2.03 2.8227
2.04 2.7648
2.05 2.7075
2.06 2.6508
2.07 2.5947
2.08 2.5392
2.09 2.4843
2.1 2.43
2.11 2.3763
2.12 2.3232
2.13 2.2707
2.14 2.2188
2.15 2.1675
2.16 2.1168
2.17 2.0667
2.18 2.0172
2.19 1.9683
2.2 1.92
2.21 1.8723
2.22 1.8252
2.23 1.7787
2.24 1.7328
2.25 1.6875
2.26 1.6428
2.27 1.5987
2.28 1.5552
2.29 1.5123
2.3 1.47
2.31 1.4283
2.32 1.3872
2.33 1.3467
2.34 1.3068
2.35 1.2675
2.36 1.2288
2.37 1.1907
2.38 1.1532
2.39 1.1163
2.4 1.08
2.41 1.0443
2.42 1.0092
2.43 0.9747
2.44 0.9408
2.45 0.9075
2.46 0.8748
2.47 0.8427
2.48 0.8112
2.49 0.7803
2.5 0.75
2.51 0.7203
2.52 0.6912
2.53 0.6627
2.54 0.6348
2.55 0.6075
2.56 0.5808
2.57 0.5547
2.58 0.5292
2.59 0.5043
2.6 0.48
2.61 0.4563
2.62 0.4332
2.63 0.4107
2.64 0.3888
2.65 0.3675
2.66 0.3468
2.67 0.3267
2.68 0.3072
2.69 0.2883
2.7 0.27
2.71 0.2523
2.72 0.2352
2.73 0.2187
2.74 0.2028
2.75 0.1875
2.76 0.1728
2.77 0.1587
2.78 0.1452
2.79 0.1323
2.8 0.12
2.81 0.1083
2.82 0.0972
2.83 0.0867
2.84 0.0768
2.85 0.0675
2.86 0.0588
2.87 0.0507
2.88 0.0432
2.89 0.0363
2.9 0.03
2.91 0.0243
2.92 0.0192
2.93 0.0147
2.94 0.0108
2.95 0.0075
2.96 0.0048
2.97 0.0027
2.98 0.0012
2.99 0.0003
3 1.19808e-27
3.01 0
3.02 0
3.03 0
3.04 0
3.05 0
3.06 0
3.07 0
3.08 0
3.09 0
3.1 0
3.11 0
3.12 0
3.13 0
3.14 0
3.15 0
3.16 0
3.17 0
3.18 0
3.19 0
3.2 0
3.21 0
3.22 0
3.23 0
3.24 0
3.25 0
3.26 0
3.27 0
3.28 0
3.29 0
3.3 0
3.31 0
3.32 0
3.33 0
3.34 0
3.35 0
3.36 0
3.37 0
3.38 0
3.39 0
3.4 0
3.41 0
3.42 0
3.43 0
3.44 0
3.45 0
3.46 0
3.47 0
3.48 0
3.49 0
3.5 0
3.51 0
3.52 0
3.53 0
3.54 0
3.55 0
3.56 0
3.57 0
3.58 0
3.59 0
3.6 0
3.61 0
3.62 0
3.63 0
3.64 0
3.65 0
3.66 0
3.67 0
3.68 0
3.69 0
3.7 0
3.71 0
3.72 0
3.73 0
3.74 0
3.75 0
3.76 0
3.77 0
3.78 0
3.79 0
3.8 0
3.81 0
3.82 0
3.83 0
3.84 0
3.85 0
3.86 0
3.87 0
3.88 0
3.89 0
3.9 0
3.91 0
3.92 0
3.93 0
3.94 0
3.95 0
3.96 0
3.97 0
3.98 0
3.99 0
4 0
