0 6
0.01 5.98
0.02 5.96
0.03 5.94
0.04 5.92
0.05 5.9
0.06 5.88
0.07 5.86
0.08 5.84
0.09 5.82
0.1 5.8
0.11 5.78
0.12 5.76
0.13 5.74
0.14 5.72
0.15 5.7
0.16 5.68
0.17 5.66
0.18 5.64
0.19 5.62
0.2 5.6
0.21 5.58
0.22 5.56
0.23 5.54
0.24 5.52
0.25 5.5
0.26 5.48
0.27 5.46
0.28 5.44
0.29 5.42
0.3 5.4
0.31 5.38
0.32 5.36
0.33 5.34
0.34 5.32
0.35 5.3
0.36 5.28
0.37 5.26
0.38 5.24
0.39 5.22
0.4 5.2
0.41 5.18
0.42 5.16
0.43 5.14
0.44 5.12
0.45 5.1
0.46 5.08
0.47 5.06
0.48 5.04
0.49 5.02
0.5 5
0.51 4.98
0.52 4.96
0.53 4.94
0.54 4.92
0.55 4.9
0.56 4.88
0.57 4.86
0.58 4.84
0.59 4.82
0.6 4.8
0.61 4.78
0.62 4.76
0.63 4.74
0.64 4.72
0.65 4.7
0.66 4.68
0.67 4.66
0.68 4.64
0.69 4.62
0.7 4.6
0.71 4.58
0.72 4.56
0.73 4.54
0.74 4.52
0.75 4.5
0.76 4.48
0.77 4.46
0.78 4.44
0.79 4.42
0.8 4.4
0.81 4.38
0.82 4.36
0.83 4.34
0.84 4.32
0.85 4.3
0.86 4.28
0.87 4.26
0.88 4.24
0.89 4.22
0.9 4.2
0.91 4.18
0.92 4.16
0.93 4.14
0.94 4.12
0.95 4.1
0.96 4.08
0.97 4.06
0.98 4.04
0.99 4.02
1 4
1.01 3.98
1.02 3.96
1.03 3.94
1.04 3.92
1.05 3.9
1.06 3.88
1.07 3.86
1.08 3.84
1.09 3.82
1.1 3.8
1.11 3.78
1.12 3.76
1.13 3.74
1.14 3.72
1.15 3.7
1.16 3.68
1.17 3.66
1.18 3.64
1.19 3.62
1.2 3.6
1.21 3.58
1.22 3.56
1.23 3.54
1.24 3.52
1.25 3.5
1.26 3.48
1.27 3.46
1.28 3.44
1.29 3.42
1.3 3.4
1.31 3.38
1.32 3.36
1.33 3.34
1.34 3.32
1.35 3.3
1.36 3.28
1.37 3.26
1.38 3.24
1.39 3.22
1.4 3.2
1.41 3.18
1.42 3.16
1.43 3.14
1.44 3.12
1.45 3.1
1.46 3.08
1.47 3.06
1.48 3.04
1.49 3.02
1.5 3
1.51 2.98
1.52 2.96
1.53 2.94
1.54 2.92
1.55 2.9
1.56 2.88
1.57 2.86
1.58 2.84
1.59 2.82
1.6 2.8
1.61 2.78
1.62 2.76
1.63 2.74
1.64 2.72
1.65 2.7
1.66 2.68
1.67 2.66
1.68 2.64
1.69 2.62
1.7 2.6
1.71 2.58
1.72 2.56
1.73 2.54
1.74 2.52
1.75 2.5
1.76 2.48
1.77 2.46
1.78 2.44
1.79 2.42
1.8 2.4
1.81 2.38
1.82 2.36
1.83 2.34
1.84 2.32
1.85 2.3
1.86 2.28
1.87 2.26
1.88 2.24
1.89 2.22
1.9 2.2
1.91 2.18
1.92 2.16
1.93 2.14
1.94 2.12
1.95 2.1
1.96 2.08
1.97 2.06
1.98 2.04
1.99 2.02
2 2
2.01 1.98
2.02 1.96
2.03 1.94
2.04 1.92
2.05 1.9
2.06 1.88
2.07 1.86
2.08 1.84
2.09 1.82
2.1 1.8
2.11 1.78
2.12 1.76
2.13 1.74
2.14 1.72
2.15 1.7
2.16 1.68
2.17 1.66
2.18 1.64
2.19 1.62
2.2 1.6
2.21 1.58
2.22 1.56
2.23 1.54
2.24 1.52
2.25 1.5
2.26 1.48
2.27 1.46
2.28 1.44
2.29 1.42
2.3 1.4
2.31 1.38
2.32 1.36
2.33 1.34
2.34 1.32
2.35 1.3
2.36 1.28
2.37 1.26
2.38 1.24
2.39 1.22
2.4 1.2
2.41 1.18
2.42 1.16
2.43 1.14
2.44 1.12
2.45 1.1
2.46 1.08
2.47 1.06
2.48 1.04
2.49 1.02
2.5 1
2.51 0.98
2.52 0.96
2.53 0.94
2.54 0.92
2.55 0.9
2.56 0.88
2.57 0.86
2.58 0.84
2.59 0.82
2.6 0.8
2.61 0.78
2.62 0.76
2.63 0.74
2.64 0.72
2.65 0.7
2.66 0.68
2.67 0.66
2.68 0.64
2.69 0.62
2.7 0.6
2.71 0.58
2.72 0.56
2.73 0.54
2.74 0.52
2.75 0.5
2.76 0.48
2.77 0.46
2.78 0.44
2.79 0.42
2.8 0.4
2.81 0.38
2.82 0.36
2.83 0.34
2.84 0.32
2.85 0.3
2.86 0.28
2.87 0.26
2.88 0.24
2.89 0.22
2.9 0.2
2.91 0.18
2.92 0.16
2.93 0.14
2.94 0.12
2.95 0.1
2.96 0.08
2.97 0.06
2.98 0.04
2.99 0.02
3 3.9968e-14
