0 15
0.01 14.94
0.02 14.88
0.03 14.82
0.04 14.76
0.05 14.7
0.06 14.64
0.07 14.58
0.08 14.52
0.09 14.46
0.1 14.4
0.11 14.34
0.12 14.28
0.13 14.22
0.14 14.16
0.15 14.1
0.16 14.04
0.17 13.98
0.18 13.92
0.19 13.86
0.2 13.8
0.21 13.74
0.22 13.68
0.23 13.62
0.24 13.56
0.25 13.5
0.26 13.44
0.27 13.38
0.28 13.32
0.29 13.26
0.3 13.2
0.31 13.14
0.32 13.08
0.33 13.02
0.34 12.96
0.35 12.9
0.36 12.84
0.37 12.78
0.38 12.72
0.39 12.66
0.4 12.6
0.41 12.54
0.42 12.48
0.43 12.42
0.44 12.36
0.45 12.3
0.46 12.24
0.47 12.18
0.48 12.12
0.49 12.06
0.5 12
0.51 11.94
0.52 11.88
0.53 11.82
0.54 11.76
0.55 11.7
0.56 11.64
0.57 11.58
0.58 11.52
0.59 11.46
0.6 11.4
0.61 11.34
0.62 11.28
0.63 11.22
0.64 11.16
0.65 11.1
0.66 11.04
0.67 10.98
0.68 10.92
0.69 10.86
0.7 10.8
0.71 10.74
0.72 10.68
0.73 10.62
0.74 10.56
0.75 10.5
0.76 10.44
0.77 10.38
0.78 10.32
0.79 10.26
0.8 10.2
0.81 10.14
0.82 10.08
0.83 10.02
0.84 9.96
0.85 9.9
0.86 9.84
0.87 9.78
0.88 9.72
0.89 9.66
0.9 9.6
0.91 9.54
0.92 9.48
0.93 9.42
0.94 9.36
0.95 9.3
0.96 9.24
0.97 9.18
0.98 9.12
0.99 9.06
1 9
1.01 8.94
1.02 8.88
1.03 8.82
1.04 8.76
1.05 8.7
1.06 8.64
1.07 8.58
1.08 8.52
1.09 8.46
1.1 8.4
1.11 8.34
1.12 8.28
1.13 8.22
1.14 8.16
1.15 8.1
1.16 8.04
1.17 7.98
1.18 7.92
1.19 7.86
1.2 7.8
1.21 7.74
1.22 7.68
1.23 7.62
1.24 7.56
1.25 7.5
1.26 7.44
1.27 7.38
1.28 7.32
1.29 7.26
1.3 7.2
1.31 7.14
1.32 7.08
1.33 7.02
1.34 6.96
1.35 6.9
1.36 6.84
1.37 6.78
1.38 6.72
1.39 6.66
1.4 6.6
1.41 6.54
1.42 6.48
1.43 6.42
1.44 6.36
1.45 6.3
1.46 6.24
1.47 6.18
1.48 6.12
1.49 6.06
1.5 6
1.51 5.94
1.52 5.88
1.53 5.82
1.54 5.76
1.55 5.7
1.56 5.64
1.57 5.58
1.58 5.52
1.59 5.46
1.6 5.4
1.61 5.34
1.62 5.28
1.63 5.22
1.64 5.16
1.65 5.1
1.66 5.04
1.67 4.98
1.68 4.92
1.69 4.86
1.7 4.8
1.71 4.74
1.72 4.68
1.73 4.62
1.74 4.56
1.75 4.5
1.76 4.44
1.77 4.38
1.78 4.32
1.79 4.26
1.8 4.2
1.81 4.14
1.82 4.08
1.83 4.02
1.84 3.96
1.85 3.9
1.86 3.84
1.87 3.78
1.88 3.72
1.89 3.66
1.9 3.6
1.91 3.54
1.92 3.48
1.93 3.42
1.94 3.36
1.95 3.3
1.96 3.24
1.97 3.18
1.98 3.12
1.99 3.06
2 3
2.01 2.9403
2.02 2.8812
2.03 2.8227
2.04 2.7648
2.05 2.7075
2.06 2.6508
2.07 2.5947
2.08 2.5392
2.09 2.4843
2.1 2.43
2.11 2.3763
2.12 2.3232
2.13 2.2707
2.14 2.2188
2.15 2.1675
2.16 2.1168
2.17 2.0667
2.18 2.0172
2.19 1.9683
2.2 1.92
2.21 1.8723
2.22 1.8252
2.23 1.7787
2.24 1.7328
2.25 1.6875
2.26 1.6428
2.27 1.5987
2.28 1.5552
2.29 1.5123
2.3 1.47
2.31 1.4283
2.32 1.3872
2.33 1.3467
2.34 1.3068
2.35 1.2675
2.36 1.2288
2.37 1.1907
2.38 1.1532
2.39 1.1163
2.4 1.08
2.41 1.0443
2.42 1.0092
2.43 0.9747
2.44 0.9408
2.45 0.9075
2.46 0.8748
2.47 0.8427
2.48 0.8112
2.49 0.7803
2.5 0.75
2.51 0.7203
2.52 0.6912
2.53 0.6627
2.54 0.6348
2.55 0.6075
2.56 0.5808
2.57 0.5547
2.58 0.5292
2.59 0.5043
2.6 0.48
2.61 0.4563
2.62 0.4332
2.63 0.4107
2.64 0.3888
2.65 0.3675
2.66 0.3468
2.67 0.3267
2.68 0.3072
2.69 0.2883
2.7 0.27
2.71 0.2523
2.72 0.2352
2.73 0.2187
2.74 0.2028
2.75 0.1875
2.76 0.1728
2.77 0.1587
2.78 0.1452
2.79 0.1323
2.8 0.12
2.81 0.1083
2.82 0.0972
2.83 0.0867
2.84 0.0768
2.85 0.0675
2.86 0.0588
2.87 0.0507
2.88 0.0432
2.89 0.0363
2.9 0.03
2.91 0.0243
2.92 0.0192
2.93 0.0147
2.94 0.0108
2.95 0.0075
2.96 0.0048
2.97 0.0027
2.98 0.0012
2.99 0.0003
3 1.19808e-27
3.01 0
3.02 0
3.03 0
3.04 0
3.05 0
3.06 0
3.07 0
3.08 0
3.09 0
3.1 0
3.11 0
3.12 0
3.13 0
3.14 0
3.15 0
3.16 0
3.17 0
3.18 0
3.19 0
3.2 0
3.21 0
3.22 0
3.23 0
3.24 0
3.25 0
3.26 0
3.27 0
3.28 0
3.29 0
3.3 0
3.31 0
3.32 0
3.33 0
3.34 0
3.35 0
3.36 0
3.37 0
3.38 0
3.39 0
3.4 0
3.41 0
3.42 0
3.43 0
3.44 0
3.45 0
3.46 0
3.47 0
3.48 0
3.49 0
3.5 0
3.51 0
3.52 0
3.53 0
3.54 0
3.55 0
3.56 0
3.57 0
3.58 0
3.59 0
3.6 0
3.61 0
3.62 0
3.63 0
3.64 0
3.65 0
3.66 0
3.67 0
3.68 0
3.69 0
3.7 0
3.71 0
3.72 0
3.73 0
3.74 0
3.75 0
3.76 0
3.77 0
3.78 0
3.79 0
3.8 0
3.81 0
3.82 0
3.83 0
3.84 0
3.85 0
3.86 0
3.87 0
3.88 0
3.89 0
3.9 0
3.91 0
3.92 0
3.93 0
3.94 0
3.95 0
3.96 0
3.97 0
3.98 0
3.99 0
4 0
