0 2
0.01 2
0.02 2
0.03 2
0.04 2
0.05 2
0.06 2
0.07 2
0.08 2
0.09 2
0.1 2
0.11 2
0.12 2
0.13 2
0.14 2
0.15 2
0.16 2
0.17 2
0.18 2
0.19 2
0.2 2
0.21 2
0.22 2
0.23 2
0.24 2
0.25 2
0.26 2
0.27 2
0.28 2
0.29 2
0.3 2
0.31 2
0.32 2
0.33 2
0.34 2
0.35 2
0.36 2
0.37 2
0.38 2
0.39 2
0.4 2
0.41 2
0.42 2
0.43 2
0.44 2
0.45 2
0.46 2
0.47 2
0.48 2
0.49 2
0.5 2
0.51 2
0.52 2
0.53 2
0.54 2
0.55 2
0.56 2
0.57 2
0.58 2
0.59 2
0.6 2
0.61 2
0.62 2
0.63 2
0.64 2
0.65 2
0.66 2
0.67 2
0.68 2
0.69 2
0.7 2
0.71 2
0.72 2
0.73 2
0.74 2
0.75 2
0.76 2
0.77 2
0.78 2
0.79 2
0.8 2
0.81 2
0.82 2
0.83 2
0.84 2
0.85 2
0.86 2
0.87 2
0.88 2
0.89 2
0.9 2
0.91 2
0.92 2
0.93 2
0.94 2
0.95 2
0.96 2
0.97 2
0.98 2
0.99 2
1 2
1.01 2
1.02 2
1.03 2
1.04 2
1.05 2
1.06 2
1.07 2
1.08 2
1.09 2
1.1 2
1.11 2
1.12 2
1.13 2
1.14 2
1.15 2
1.16 2
1.17 2
1.18 2
1.19 2
1.2 2
1.21 2
1.22 2
1.23 2
1.24 2
1.25 2
1.26 2
1.27 2
1.28 2
1.29 2
1.3 2
1.31 2
1.32 2
1.33 2
1.34 2
1.35 2
1.36 2
1.37 2
1.38 2
1.39 2
1.4 2
1.41 2
1.42 2
1.43 2
1.44 2
1.45 2
1.46 2
1.47 2
1.48 2
1.49 2
1.5 2
1.51 2
1.52 2
1.53 2
1.54 2
1.55 2
1.56 2
1.57 2
1.58 2
1.59 2
1.6 2
1.61 2
1.62 2
1.63 2
1.64 2
1.65 2
1.66 2
1.67 2
1.68 2
1.69 2
1.7 2
1.71 2
1.72 2
1.73 2
1.74 2
1.75 2
1.76 2
1.77 2
1.78 2
1.79 2
1.8 2
1.81 2
1.82 2
1.83 2
1.84 2
1.85 2
1.86 2
1.87 2
1.88 2
1.89 2
1.9 2
1.91 2
1.92 2
1.93 2
1.94 2
1.95 2
1.96 2
1.97 2
1.98 2
1.99 2
2 2
2.01 1.98
2.02 1.96
2.03 1.94
2.04 1.92
2.05 1.9
2.06 1.88
2.07 1.86
2.08 1.84
2.09 1.82
2.1 1.8
2.11 1.78
2.12 1.76
2.13 1.74
2.14 1.72
2.15 1.7
2.16 1.68
2.17 1.66
2.18 1.64
2.19 1.62
2.2 1.6
2.21 1.58
2.22 1.56
2.23 1.54
2.24 1.52
2.25 1.5
2.26 1.48
2.27 1.46
2.28 1.44
2.29 1.42
2.3 1.4
2.31 1.38
2.32 1.36
2.33 1.34
2.34 1.32
2.35 1.3
2.36 1.28
2.37 1.26
2.38 1.24
2.39 1.22
2.4 1.2
2.41 1.18
2.42 1.16
2.43 1.14
2.44 1.12
2.45 1.1
2.46 1.08
2.47 1.06
2.48 1.04
2.49 1.02
2.5 1
2.51 0.98
2.52 0.96
2.53 0.94
2.54 0.92
2.55 0.9
2.56 0.88
2.57 0.86
2.58 0.84
2.59 0.82
2.6 0.8
2.61 0.78
2.62 0.76
2.63 0.74
2.64 0.72
2.65 0.7
2.66 0.68
2.67 0.66
2.68 0.64
2.69 0.62
2.7 0.6
2.71 0.58
2.72 0.56
2.73 0.54
2.74 0.52
2.75 0.5
2.76 0.48
2.77 0.46
2.78 0.44
2.79 0.42
2.8 0.4
2.81 0.38
2.82 0.36
2.83 0.34
2.84 0.32
2.85 0.3
2.86 0.28
2.87 0.26
2.88 0.24
2.89 0.22
2.9 0.2
2.91 0.18
2.92 0.16
2.93 0.14
2.94 0.12
2.95 0.1
2.96 0.08
2.97 0.06
2.98 0.04
2.99 0.02
3 3.9968e-14
