0 3
0.01 3
0.02 3
0.03 3
0.04 3
0.05 3
0.06 3
0.07 3
0.08 3
0.09 3
0.1 3
0.11 3
0.12 3
0.13 3
0.14 3
0.15 3
0.16 3
0.17 3
0.18 3
0.19 3
0.2 3
0.21 3
0.22 3
0.23 3
0.24 3
0.25 3
0.26 3
0.27 3
0.28 3
0.29 3
0.3 3
0.31 3
0.32 3
0.33 3
0.34 3
0.35 3
0.36 3
0.37 3
0.38 3
0.39 3
0.4 3
0.41 3
0.42 3
0.43 3
0.44 3
0.45 3
0.46 3
0.47 3
0.48 3
0.49 3
0.5 3
0.51 3
0.52 3
0.53 3
0.54 3
0.55 3
0.56 3
0.57 3
0.58 3
0.59 3
0.6 3
0.61 3
0.62 3
0.63 3
0.64 3
0.65 3
0.66 3
0.67 3
0.68 3
0.69 3
0.7 3
0.71 3
0.72 3
0.73 3
0.74 3
0.75 3
0.76 3
0.77 3
0.78 3
0.79 3
0.8 3
0.81 3
0.82 3
0.83 3
0.84 3
0.85 3
0.86 3
0.87 3
0.88 3
0.89 3
0.9 3
0.91 3
0.92 3
0.93 3
0.94 3
0.95 3
0.96 3
0.97 3
0.98 3
0.99 3
1 3
1.01 2.99985
1.02 2.9994
1.03 2.99865
1.04 2.9976
1.05 2.99625
1.06 2.9946
1.07 2.99265
1.08 2.9904
1.09 2.98785
1.1 2.985
1.11 2.98185
1.12 2.9784
1.13 2.97465
1.14 2.9706
1.15 2.96625
1.16 2.9616
1.17 2.95665
1.18 2.9514
1.19 2.94585
1.2 2.94
1.21 2.93385
1.22 2.9274
1.23 2.92065
1.24 2.9136
1.25 2.90625
1.26 2.8986
1.27 2.89065
1.28 2.8824
1.29 2.87385
1.3 2.865
1.31 2.85585
1.32 2.8464
1.33 2.83665
1.34 2.8266
1.35 2.81625
1.36 2.8056
1.37 2.79465
1.38 2.7834
1.39 2.77185
1.4 2.76
1.41 2.74785
1.42 2.7354
1.43 2.72265
1.44 2.7096
1.45 2.69625
1.46 2.6826
1.47 2.66865
1.48 2.6544
1.49 2.63985
1.5 2.625
1.51 2.60985
1.52 2.5944
1.53 2.57865
1.54 2.5626
1.55 2.54625
1.56 2.5296
1.57 2.51265
1.58 2.4954
1.59 2.47785
1.6 2.46
1.61 2.44185
1.62 2.4234
1.63 2.40465
1.64 2.3856
1.65 2.36625
1.66 2.3466
1.67 2.32665
1.68 2.3064
1.69 2.28585
1.7 2.265
1.71 2.24385
1.72 2.2224
1.73 2.20065
1.74 2.1786
1.75 2.15625
1.76 2.1336
1.77 2.11065
1.78 2.0874
1.79 2.06385
1.8 2.04
1.81 2.01585
1.82 1.9914
1.83 1.96665
1.84 1.9416
1.85 1.91625
1.86 1.8906
1.87 1.86465
1.88 1.8384
1.89 1.81185
1.9 1.785
1.91 1.75785
1.92 1.7304
1.93 1.70265
1.94 1.6746
1.95 1.64625
1.96 1.6176
1.97 1.58865
1.98 1.5594
1.99 1.52985
2 1.5
2.01 1.47015
2.02 1.4406
2.03 1.41135
2.04 1.3824
2.05 1.35375
2.06 1.3254
2.07 1.29735
2.08 1.2696
2.09 1.24215
2.1 1.215
2.11 1.18815
2.12 1.1616
2.13 1.13535
2.14 1.1094
2.15 1.08375
2.16 1.0584
2.17 1.03335
2.18 1.0086
2.19 0.98415
2.2 0.96
2.21 0.93615
2.22 0.9126
2.23 0.88935
2.24 0.8664
2.25 0.84375
2.26 0.8214
2.27 0.79935
2.28 0.7776
2.29 0.75615
2.3 0.735
2.31 0.71415
2.32 0.6936
2.33 0.67335
2.34 0.6534
2.35 0.63375
2.36 0.6144
2.37 0.59535
2.38 0.5766
2.39 0.55815
2.4 0.54
2.41 0.52215
2.42 0.5046
2.43 0.48735
2.44 0.4704
2.45 0.45375
2.46 0.4374
2.47 0.42135
2.48 0.4056
2.49 0.39015
2.5 0.375
2.51 0.36015
2.52 0.3456
2.53 0.33135
2.54 0.3174
2.55 0.30375
2.56 0.2904
2.57 0.27735
2.58 0.2646
2.59 0.25215
2.6 0.24
2.61 0.22815
2.62 0.2166
2.63 0.20535
2.64 0.1944
2.65 0.18375
2.66 0.1734
2.67 0.16335
2.68 0.1536
2.69 0.14415
2.7 0.135
2.71 0.12615
2.72 0.1176
2.73 0.10935
2.74 0.1014
2.75 0.09375
2.76 0.0864
2.77 0.07935
2.78 0.0726
2.79 0.06615
2.8 0.06
2.81 0.05415
2.82 0.0486
2.83 0.04335
2.84 0.0384
2.85 0.03375
2.86 0.0294
2.87 0.02535
2.88 0.0216
2.89 0.01815
2.9 0.015
2.91 0.01215
2.92 0.0096
2.93 0.00735
2.94 0.0054
2.95 0.00375
2.96 0.0024
2.97 0.00135
2.98 0.0006
2.99 0.00015
3 5.99041e-28
3.01 0
3.02 0
3.03 0
3.04 0
3.05 0
3.06 0
3.07 0
3.08 0
3.09 0
3.1 0
3.11 0
3.12 0
3.13 0
3.14 0
3.15 0
3.16 0
3.17 0
3.18 0
3.19 0
3.2 0
3.21 0
3.22 0
3.23 0
3.24 0
3.25 0
3.26 0
3.27 0
3.28 0
3.29 0
3.3 0
3.31 0
3.32 0
3.33 0
3.34 0
3.35 0
3.36 0
3.37 0
3.38 0
3.39 0
3.4 0
3.41 0
3.42 0
3.43 0
3.44 0
3.45 0
3.46 0
3.47 0
3.48 0
3.49 0
3.5 0
3.51 0
3.52 0
3.53 0
3.54 0
3.55 0
3.56 0
3.57 0
3.58 0
3.59 0
3.6 0
3.61 0
3.62 0
3.63 0
3.64 0
3.65 0
3.66 0
3.67 0
3.68 0
3.69 0
3.7 0
3.71 0
3.72 0
3.73 0
3.74 0
3.75 0
3.76 0
3.77 0
3.78 0
3.79 0
3.8 0
3.81 0
3.82 0
3.83 0
3.84 0
3.85 0
3.86 0
3.87 0
3.88 0
3.89 0
3.9 0
3.91 0
3.92 0
3.93 0
3.94 0
3.95 0
3.96 0
3.97 0
3.98 0
3.99 0
4 0
