0 48
0.01 47.7603
0.02 47.5212
0.03 47.2827
0.04 47.0448
0.05 46.8075
0.06 46.5708
0.07 46.3347
0.08 46.0992
0.09 45.8643
0.1 45.63
0.11 45.3963
0.12 45.1632
0.13 44.9307
0.14 44.6988
0.15 44.4675
0.16 44.2368
0.17 44.0067
0.18 43.7772
0.19 43.5483
0.2 43.32
0.21 43.0923
0.22 42.8652
0.23 42.6387
0.24 42.4128
0.25 42.1875
0.26 41.9628
0.27 41.7387
0.28 41.5152
0.29 41.2923
0.3 41.07
0.31 40.8483
0.32 40.6272
0.33 40.4067
0.34 40.1868
0.35 39.9675
0.36 39.7488
0.37 39.5307
0.38 39.3132
0.39 39.0963
0.4 38.88
0.41 38.6643
0.42 38.4492
0.43 38.2347
0.44 38.0208
0.45 37.8075
0.46 37.5948
0.47 37.3827
0.48 37.1712
0.49 36.9603
0.5 36.75
0.51 36.5403
0.52 36.3312
0.53 36.1227
0.54 35.9148
0.55 35.7075
0.56 35.5008
0.57 35.2947
0.58 35.0892
0.59 34.8843
0.6 34.68
0.61 34.4763
0.62 34.2732
0.63 34.0707
0.64 33.8688
0.65 33.6675
0.66 33.4668
0.67 33.2667
0.68 33.0672
0.69 32.8683
0.7 32.67
0.71 32.4723
0.72 32.2752
0.73 32.0787
0.74 31.8828
0.75 31.6875
0.76 31.4928
0.77 31.2987
0.78 31.1052
0.79 30.9123
0.8 30.72
0.81 30.5283
0.82 30.3372
0.83 30.1467
0.84 29.9568
0.85 29.7675
0.86 29.5788
0.87 29.3907
0.88 29.2032
0.89 29.0163
0.9 28.83
0.91 28.6443
0.92 28.4592
0.93 28.2747
0.94 28.0908
0.95 27.9075
0.96 27.7248
0.97 27.5427
0.98 27.3612
0.99 27.1803
1 27
1.01 26.8203
1.02 26.6412
1.03 26.4627
1.04 26.2848
1.05 26.1075
1.06 25.9308
1.07 25.7547
1.08 25.5792
1.09 25.4043
1.1 25.23
1.11 25.0563
1.12 24.8832
1.13 24.7107
1.14 24.5388
1.15 24.3675
1.16 24.1968
1.17 24.0267
1.18 23.8572
1.19 23.6883
1.2 23.52
1.21 23.3523
1.22 23.1852
1.23 23.0187
1.24 22.8528
1.25 22.6875
1.26 22.5228
1.27 22.3587
1.28 22.1952
1.29 22.0323
1.3 21.87
1.31 21.7083
1.32 21.5472
1.33 21.3867
1.34 21.2268
1.35 21.0675
1.36 20.9088
1.37 20.7507
1.38 20.5932
1.39 20.4363
1.4 20.28
1.41 20.1243
1.42 19.9692
1.43 19.8147
1.44 19.6608
1.45 19.5075
1.46 19.3548
1.47 19.2027
1.48 19.0512
1.49 18.9003
1.5 18.75
1.51 18.6003
1.52 18.4512
1.53 18.3027
1.54 18.1548
1.55 18.0075
1.56 17.8608
1.57 17.7147
1.58 17.5692
1.59 17.4243
1.6 17.28
1.61 17.1363
1.62 16.9932
1.63 16.8507
1.64 16.7088
1.65 16.5675
1.66 16.4268
1.67 16.2867
1.68 16.1472
1.69 16.0083
1.7 15.87
1.71 15.7323
1.72 15.5952
1.73 15.4587
1.74 15.3228
1.75 15.1875
1.76 15.0528
1.77 14.9187
1.78 14.7852
1.79 14.6523
1.8 14.52
1.81 14.3883
1.82 14.2572
1.83 14.1267
1.84 13.9968
1.85 13.8675
1.86 13.7388
1.87 13.6107
1.88 13.4832
1.89 13.3563
1.9 13.23
1.91 13.1043
1.92 12.9792
1.93 12.8547
1.94 12.7308
1.95 12.6075
1.96 12.4848
1.97 12.3627
1.98 12.2412
1.99 12.1203
2 12
2.01 11.8803
2.02 11.7612
2.03 11.6427
2.04 11.5248
2.05 11.4075
2.06 11.2908
2.07 11.1747
2.08 11.0592
2.09 10.9443
2.1 10.83
2.11 10.7163
2.12 10.6032
2.13 10.4907
2.14 10.3788
2.15 10.2675
2.16 10.1568
2.17 10.0467
2.18 9.9372
2.19 9.8283
2.2 9.72
2.21 9.6123
2.22 9.5052
2.23 9.3987
2.24 9.2928
2.25 9.1875
2.26 9.0828
2.27 8.9787
2.28 8.8752
2.29 8.7723
2.3 8.67
2.31 8.5683
2.32 8.4672
2.33 8.3667
2.34 8.2668
2.35 8.1675
2.36 8.0688
2.37 7.9707
2.38 7.8732
2.39 7.7763
2.4 7.68
2.41 7.5843
2.42 7.4892
2.43 7.3947
2.44 7.3008
2.45 7.2075
2.46 7.1148
2.47 7.0227
2.48 6.9312
2.49 6.8403
2.5 6.75
2.51 6.6603
2.52 6.5712
2.53 6.4827
2.54 6.3948
2.55 6.3075
2.56 6.2208
2.57 6.1347
2.58 6.0492
2.59 5.9643
2.6 5.88
2.61 5.7963
2.62 5.7132
2.63 5.6307
2.64 5.5488
2.65 5.4675
2.66 5.3868
2.67 5.3067
2.68 5.2272
2.69 5.1483
2.7 5.07
2.71 4.9923
2.72 4.9152
2.73 4.8387
2.74 4.7628
2.75 4.6875
2.76 4.6128
2.77 4.5387
2.78 4.4652
2.79 4.3923
2.8 4.32
2.81 4.2483
2.82 4.1772
2.83 4.1067
2.84 4.0368
2.85 3.9675
2.86 3.8988
2.87 3.8307
2.88 3.7632
2.89 3.6963
2.9 3.63
2.91 3.5643
2.92 3.4992
2.93 3.4347
2.94 3.3708
2.95 3.3075
2.96 3.2448
2.97 3.1827
2.98 3.1212
2.99 3.0603
3 3
3.01 2.9403
3.02 2.8812
3.03 2.8227
3.04 2.7648
3.05 2.7075
3.06 2.6508
3.07 2.5947
3.08 2.5392
3.09 2.4843
3.1 2.43
3.11 2.3763
3.12 2.3232
3.13 2.2707
3.14 2.2188
3.15 2.1675
3.16 2.1168
3.17 2.0667
3.18 2.0172
3.19 1.9683
3.2 1.92
3.21 1.8723
3.22 1.8252
3.23 1.7787
3.24 1.7328
3.25 1.6875
3.26 1.6428
3.27 1.5987
3.28 1.5552
3.29 1.5123
3.3 1.47
3.31 1.4283
3.32 1.3872
3.33 1.3467
3.34 1.3068
3.35 1.2675
3.36 1.2288
3.37 1.1907
3.38 1.1532
3.39 1.1163
3.4 1.08
3.41 1.0443
3.42 1.0092
3.43 0.9747
3.44 0.9408
3.45 0.9075
3.46 0.8748
3.47 0.8427
3.48 0.8112
3.49 0.7803
3.5 0.75
3.51 0.7203
3.52 0.6912
3.53 0.6627
3.54 0.6348
3.55 0.6075
3.56 0.5808
3.57 0.5547
3.58 0.5292
3.59 0.5043
3.6 0.48
3.61 0.4563
3.62 0.4332
3.63 0.4107
3.64 0.3888
3.65 0.3675
3.66 0.3468
3.67 0.3267
3.68 0.3072
3.69 0.2883
3.7 0.27
3.71 0.2523
3.72 0.2352
3.73 0.2187
3.74 0.2028
3.75 0.1875
3.76 0.1728
3.77 0.1587
3.78 0.1452
3.79 0.1323
3.8 0.12
3.81 0.1083
3.82 0.0972
3.83 0.0867
3.84 0.0768
3.85 0.0675
3.86 0.0588
3.87 0.0507
3.88 0.0432
3.89 0.0363
3.9 0.03
3.91 0.0243
3.92 0.0192
3.93 0.0147
3.94 0.0108
3.95 0.0075
3.96 0.0048
3.97 0.0027
3.98 0.0012
3.99 0.0003
4 5.11714e-27
