0 21
0.01 20.94
0.02 20.88
0.03 20.82
0.04 20.76
0.05 20.7
0.06 20.64
0.07 20.58
0.08 20.52
0.09 20.46
0.1 20.4
0.11 20.34
0.12 20.28
0.13 20.22
0.14 20.16
0.15 20.1
0.16 20.04
0.17 19.98
0.18 19.92
0.19 19.86
0.2 19.8
0.21 19.74
0.22 19.68
0.23 19.62
0.24 19.56
0.25 19.5
0.26 19.44
0.27 19.38
0.28 19.32
0.29 19.26
0.3 19.2
0.31 19.14
0.32 19.08
0.33 19.02
0.34 18.96
0.35 18.9
0.36 18.84
0.37 18.78
0.38 18.72
0.39 18.66
0.4 18.6
0.41 18.54
0.42 18.48
0.43 18.42
0.44 18.36
0.45 18.3
0.46 18.24
0.47 18.18
0.48 18.12
0.49 18.06
0.5 18
0.51 17.94
0.52 17.88
0.53 17.82
0.54 17.76
0.55 17.7
0.56 17.64
0.57 17.58
0.58 17.52
0.59 17.46
0.6 17.4
0.61 17.34
0.62 17.28
0.63 17.22
0.64 17.16
0.65 17.1
0.66 17.04
0.67 16.98
0.68 16.92
0.69 16.86
0.7 16.8
0.71 16.74
0.72 16.68
0.73 16.62
0.74 16.56
0.75 16.5
0.76 16.44
0.77 16.38
0.78 16.32
0.79 16.26
0.8 16.2
0.81 16.14
0.82 16.08
0.83 16.02
0.84 15.96
0.85 15.9
0.86 15.84
0.87 15.78
0.88 15.72
0.89 15.66
0.9 15.6
0.91 15.54
0.92 15.48
0.93 15.42
0.94 15.36
0.95 15.3
0.96 15.24
0.97 15.18
0.98 15.12
0.99 15.06
1 15
1.01 14.94
1.02 14.88
1.03 14.82
1.04 14.76
1.05 14.7
1.06 14.64
1.07 14.58
1.08 14.52
1.09 14.46
1.1 14.4
1.11 14.34
1.12 14.28
1.13 14.22
1.14 14.16
1.15 14.1
1.16 14.04
1.17 13.98
1.18 13.92
1.19 13.86
1.2 13.8
1.21 13.74
1.22 13.68
1.23 13.62
1.24 13.56
1.25 13.5
1.26 13.44
1.27 13.38
1.28 13.32
1.29 13.26
1.3 13.2
1.31 13.14
1.32 13.08
1.33 13.02
1.34 12.96
1.35 12.9
1.36 12.84
1.37 12.78
1.38 12.72
1.39 12.66
1.4 12.6
1.41 12.54
1.42 12.48
1.43 12.42
1.44 12.36
1.45 12.3
1.46 12.24
1.47 12.18
1.48 12.12
1.49 12.06
1.5 12
1.51 11.94
1.52 11.88
1.53 11.82
1.54 11.76
1.55 11.7
1.56 11.64
1.57 11.58
1.58 11.52
1.59 11.46
1.6 11.4
1.61 11.34
1.62 11.28
1.63 11.22
1.64 11.16
1.65 11.1
1.66 11.04
1.67 10.98
1.68 10.92
1.69 10.86
1.7 10.8
1.71 10.74
1.72 10.68
1.73 10.62
1.74 10.56
1.75 10.5
1.76 10.44
1.77 10.38
1.78 10.32
1.79 10.26
1.8 10.2
1.81 10.14
1.82 10.08
1.83 10.02
1.84 9.96
1.85 9.9
1.86 9.84
1.87 9.78
1.88 9.72
1.89 9.66
1.9 9.6
1.91 9.54
1.92 9.48
1.93 9.42
1.94 9.36
1.95 9.3
1.96 9.24
1.97 9.18
1.98 9.12
1.99 9.06
2 9
2.01 8.94
2.02 8.88
2.03 8.82
2.04 8.76
2.05 8.7
2.06 8.64
2.07 8.58
2.08 8.52
2.09 8.46
2.1 8.4
2.11 8.34
2.12 8.28
2.13 8.22
2.14 8.16
2.15 8.1
2.16 8.04
2.17 7.98
2.18 7.92
2.19 7.86
2.2 7.8
2.21 7.74
2.22 7.68
2.23 7.62
2.24 7.56
2.25 7.5
2.26 7.44
2.27 7.38
2.28 7.32
2.29 7.26
2.3 7.2
2.31 7.14
2.32 7.08
2.33 7.02
2.34 6.96
2.35 6.9
2.36 6.84
2.37 6.78
2.38 6.72
2.39 6.66
2.4 6.6
2.41 6.54
2.42 6.48
2.43 6.42
2.44 6.36
2.45 6.3
2.46 6.24
2.47 6.18
2.48 6.12
2.49 6.06
2.5 6
2.51 5.94
2.52 5.88
2.53 5.82
2.54 5.76
2.55 5.7
2.56 5.64
2.57 5.58
2.58 5.52
2.59 5.46
2.6 5.4
2.61 5.34
2.62 5.28
2.63 5.22
2.64 5.16
2.65 5.1
2.66 5.04
2.67 4.98
2.68 4.92
2.69 4.86
2.7 4.8
2.71 4.74
2.72 4.68
2.73 4.62
2.74 4.56
2.75 4.5
2.76 4.44
2.77 4.38
2.78 4.32
2.79 4.26
2.8 4.2
2.81 4.14
2.82 4.08
2.83 4.02
2.84 3.96
2.85 3.9
2.86 3.84
2.87 3.78
2.88 3.72
2.89 3.66
2.9 3.6
2.91 3.54
2.92 3.48
2.93 3.42
2.94 3.36
2.95 3.3
2.96 3.24
2.97 3.18
2.98 3.12
2.99 3.06
3 3
3.01 2.9403
3.02 2.8812
3.03 2.8227
3.04 2.7648
3.05 2.7075
3.06 2.6508
3.07 2.5947
3.08 2.5392
3.09 2.4843
3.1 2.43
3.11 2.3763
3.12 2.3232
3.13 2.2707
3.14 2.2188
3.15 2.1675
3.16 2.1168
3.17 2.0667
3.18 2.0172
3.19 1.9683
3.2 1.92
3.21 1.8723
3.22 1.8252
3.23 1.7787
3.24 1.7328
3.25 1.6875
3.26 1.6428
3.27 1.5987
3.28 1.5552
3.29 1.5123
3.3 1.47
3.31 1.4283
3.32 1.3872
3.33 1.3467
3.34 1.3068
3.35 1.2675
3.36 1.2288
3.37 1.1907
3.38 1.1532
3.39 1.1163
3.4 1.08
3.41 1.0443
3.42 1.0092
3.43 0.9747
3.44 0.9408
3.45 0.9075
3.46 0.8748
3.47 0.8427
3.48 0.8112
3.49 0.7803
3.5 0.75
3.51 0.7203
3.52 0.6912
3.53 0.6627
3.54 0.6348
3.55 0.6075
3.56 0.5808
3.57 0.5547
3.58 0.5292
3.59 0.5043
3.6 0.48
3.61 0.4563
3.62 0.4332
3.63 0.4107
3.64 0.3888
3.65 0.3675
3.66 0.3468
3.67 0.3267
3.68 0.3072
3.69 0.2883
3.7 0.27
3.71 0.2523
3.72 0.2352
3.73 0.2187
3.74 0.2028
3.75 0.1875
3.76 0.1728
3.77 0.1587
3.78 0.1452
3.79 0.1323
3.8 0.12
3.81 0.1083
3.82 0.0972
3.83 0.0867
3.84 0.0768
3.85 0.0675
3.86 0.0588
3.87 0.0507
3.88 0.0432
3.89 0.0363
3.9 0.03
3.91 0.0243
3.92 0.0192
3.93 0.0147
3.94 0.0108
3.95 0.0075
3.96 0.0048
3.97 0.0027
3.98 0.0012
3.99 0.0003
4 5.11714e-27
