0 3
0.01 3
0.02 3
0.03 3
0.04 3
0.05 3
0.06 3
0.07 3
0.08 3
0.09 3
0.1 3
0.11 3
0.12 3
0.13 3
0.14 3
0.15 3
0.16 3
0.17 3
0.18 3
0.19 3
0.2 3
0.21 3
0.22 3
0.23 3
0.24 3
0.25 3
0.26 3
0.27 3
0.28 3
0.29 3
0.3 3
0.31 3
0.32 3
0.33 3
0.34 3
0.35 3
0.36 3
0.37 3
0.38 3
0.39 3
0.4 3
0.41 3
0.42 3
0.43 3
0.44 3
0.45 3
0.46 3
0.47 3
0.48 3
0.49 3
0.5 3
0.51 3
0.52 3
0.53 3
0.54 3
0.55 3
0.56 3
0.57 3
0.58 3
0.59 3
0.6 3
0.61 3
0.62 3
0.63 3
0.64 3
0.65 3
0.66 3
0.67 3
0.68 3
0.69 3
0.7 3
0.71 3
0.72 3
0.73 3
0.74 3
0.75 3
0.76 3
0.77 3
0.78 3
0.79 3
0.8 3
0.81 3
0.82 3
0.83 3
0.84 3
0.85 3
0.86 3
0.87 3
0.88 3
0.89 3
0.9 3
0.91 3
0.92 3
0.93 3
0.94 3
0.95 3
0.96 3
0.97 3
0.98 3
0.99 3
1 3
1.01 3
1.02 3
1.03 3
1.04 3
1.05 3
1.06 3
1.07 3
1.08 3
1.09 3
1.1 3
1.11 3
1.12 3
1.13 3
1.14 3
1.15 3
1.16 3
1.17 3
1.18 3
1.19 3
1.2 3
1.21 3
1.22 3
1.23 3
1.24 3
1.25 3
1.26 3
1.27 3
1.28 3
1.29 3
1.3 3
1.31 3
1.32 3
1.33 3
1.34 3
1.35 3
1.36 3
1.37 3
1.38 3
1.39 3
1.4 3
1.41 3
1.42 3
1.43 3
1.44 3
1.45 3
1.46 3
1.47 3
1.48 3
1.49 3
1.5 3
1.51 3
1.52 3
1.53 3
1.54 3
1.55 3
1.56 3
1.57 3
1.58 3
1.59 3
1.6 3
1.61 3
1.62 3
1.63 3
1.64 3
1.65 3
1.66 3
1.67 3
1.68 3
1.69 3
1.7 3
1.71 3
1.72 3
1.73 3
1.74 3
1.75 3
1.76 3
1.77 3
1.78 3
1.79 3
1.8 3
1.81 3
1.82 3
1.83 3
1.84 3
1.85 3
1.86 3
1.87 3
1.88 3
1.89 3
1.9 3
1.91 3
1.92 3
1.93 3
1.94 3
1.95 3
1.96 3
1.97 3
1.98 3
1.99 3
2 3
2.01 2.99985
2.02 2.9994
2.03 2.99865
2.04 2.9976
2.05 2.99625
2.06 2.9946
2.07 2.99265
2.08 2.9904
2.09 2.98785
2.1 2.985
2.11 2.98185
2.12 2.9784
2.13 2.97465
2.14 2.9706
2.15 2.96625
2.16 2.9616
2.17 2.95665
2.18 2.9514
2.19 2.94585
2.2 2.94
2.21 2.93385
2.22 2.9274
2.23 2.92065
2.24 2.9136
2.25 2.90625
2.26 2.8986
2.27 2.89065
2.28 2.8824
2.29 2.87385
2.3 2.865
2.31 2.85585
2.32 2.8464
2.33 2.83665
2.34 2.8266
2.35 2.81625
2.36 2.8056
2.37 2.79465
2.38 2.7834
2.39 2.77185
2.4 2.76
2.41 2.74785
2.42 2.7354
2.43 2.72265
2.44 2.7096
2.45 2.69625
2.46 2.6826
2.47 2.66865
2.48 2.6544
2.49 2.63985
2.5 2.625
2.51 2.60985
2.52 2.5944
2.53 2.57865
2.54 2.5626
2.55 2.54625
2.56 2.5296
2.57 2.51265
2.58 2.4954
2.59 2.47785
2.6 2.46
2.61 2.44185
2.62 2.4234
2.63 2.40465
2.64 2.3856
2.65 2.36625
2.66 2.3466
2.67 2.32665
2.68 2.3064
2.69 2.28585
2.7 2.265
2.71 2.24385
2.72 2.2224
2.73 2.20065
2.74 2.1786
2.75 2.15625
2.76 2.1336
2.77 2.11065
2.78 2.0874
2.79 2.06385
2.8 2.04
2.81 2.01585
2.82 1.9914
2.83 1.96665
2.84 1.9416
2.85 1.91625
2.86 1.8906
2.87 1.86465
2.88 1.8384
2.89 1.81185
2.9 1.785
2.91 1.75785
2.92 1.7304
2.93 1.70265
2.94 1.6746
2.95 1.64625
2.96 1.6176
2.97 1.58865
2.98 1.5594
2.99 1.52985
3 1.5
3.01 1.47015
3.02 1.4406
3.03 1.41135
3.04 1.3824
3.05 1.35375
3.06 1.3254
3.07 1.29735
3.08 1.2696
3.09 1.24215
3.1 1.215
3.11 1.18815
3.12 1.1616
3.13 1.13535
3.14 1.1094
3.15 1.08375
3.16 1.0584
3.17 1.03335
3.18 1.0086
3.19 0.98415
3.2 0.96
3.21 0.93615
3.22 0.9126
3.23 0.88935
3.24 0.8664
3.25 0.84375
3.26 0.8214
3.27 0.79935
3.28 0.7776
3.29 0.75615
3.3 0.735
3.31 0.71415
3.32 0.6936
3.33 0.67335
3.34 0.6534
3.35 0.63375
3.36 0.6144
3.37 0.59535
3.38 0.5766
3.39 0.55815
3.4 0.54
3.41 0.52215
3.42 0.5046
3.43 0.48735
3.44 0.4704
3.45 0.45375
3.46 0.4374
3.47 0.42135
3.48 0.4056
3.49 0.39015
3.5 0.375
3.51 0.36015
3.52 0.3456
3.53 0.33135
3.54 0.3174
3.55 0.30375
3.56 0.2904
3.57 0.27735
3.58 0.2646
3.59 0.25215
3.6 0.24
3.61 0.22815
3.62 0.2166
3.63 0.20535
3.64 0.1944
3.65 0.18375
3.66 0.1734
3.67 0.16335
3.68 0.1536
3.69 0.14415
3.7 0.135
3.71 0.12615
3.72 0.1176
3.73 0.10935
3.74 0.1014
3.75 0.09375
3.76 0.0864
3.77 0.07935
3.78 0.0726
3.79 0.06615
3.8 0.06
3.81 0.05415
3.82 0.0486
3.83 0.04335
3.84 0.0384
3.85 0.03375
3.86 0.0294
3.87 0.02535
3.88 0.0216
3.89 0.01815
3.9 0.015
3.91 0.01215
3.92 0.0096
3.93 0.00735
3.94 0.0054
3.95 0.00375
3.96 0.0024
3.97 0.00135
3.98 0.0006
3.99 0.00015
4 2.55857e-27
