0 0
0.01 0
0.02 4.44089e-16
0.03 -1.55431e-15
0.04 0
0.05 -2.22045e-16
0.06 1.33227e-15
0.07 -1.55431e-15
0.08 8.88178e-16
0.09 -1.9984e-15
0.1 -1.33227e-15
0.11 1.33227e-15
0.12 1.33227e-15
0.13 2.22045e-16
0.14 1.77636e-15
0.15 4.44089e-16
0.16 2.22045e-16
0.17 2.22045e-16
0.18 1.77636e-15
0.19 -1.33227e-15
0.2 1.77636e-15
0.21 0
0.22 1.77636e-15
0.23 -2.22045e-16
0.24 1.55431e-15
0.25 0
0.26 1.11022e-15
0.27 1.33227e-15
0.28 0
0.29 -4.44089e-16
0.3 1.11022e-15
0.31 0
0.32 -4.44089e-16
0.33 0
0.34 1.11022e-15
0.35 -8.88178e-16
0.36 1.11022e-15
0.37 4.44089e-16
0.38 1.55431e-15
0.39 4.44089e-16
0.4 1.11022e-15
0.41 4.44089e-16
0.42 1.55431e-15
0.43 1.33227e-15
0.44 1.11022e-15
0.45 0
0.46 1.11022e-15
0.47 0
0.48 1.55431e-15
0.49 0
0.5 0
0.51 -3.33067e-16
0.52 1.22125e-15
0.53 8.88178e-16
0.54 -2.22045e-16
0.55 0
0.56 1.11022e-16
0.57 -4.44089e-16
0.58 -1.55431e-15
0.59 0
0.6 1.55431e-15
0.61 -4.44089e-16
0.62 -1.55431e-15
0.63 0
0.64 2.22045e-16
0.65 4.44089e-16
0.66 -2.22045e-16
0.67 4.44089e-16
0.68 1.11022e-15
0.69 0
0.7 -6.66134e-16
0.71 8.88178e-16
0.72 1.55431e-15
0.73 4.44089e-16
0.74 2.22045e-16
0.75 -4.44089e-16
0.76 2.22045e-16
0.77 -8.88178e-16
0.78 -1.55431e-15
0.79 4.44089e-16
0.8 -2.22045e-16
0.81 -8.88178e-16
0.82 -1.55431e-15
0.83 -4.44089e-16
0.84 2.22045e-16
0.85 -4.44089e-16
0.86 2.22045e-16
0.87 4.44089e-16
0.88 2.22045e-16
0.89 -4.44089e-16
0.9 -6.66134e-16
0.91 0
0.92 -2.22045e-16
0.93 -4.44089e-16
0.94 2.22045e-16
0.95 8.88178e-16
0.96 1.11022e-15
0.97 0
0.98 -2.22045e-16
0.99 4.44089e-16
1 -6.66134e-16
1.01 5e-05
1.02 0.0002
1.03 0.00045
1.04 0.0008
1.05 0.00125
1.06 0.0018
1.07 0.00245
1.08 0.0032
1.09 0.00405
1.1 0.005
1.11 0.00605
1.12 0.0072
1.13 0.00845
1.14 0.0098
1.15 0.01125
1.16 0.0128
1.17 0.01445
1.18 0.0162
1.19 0.01805
1.2 0.02
1.21 0.02205
1.22 0.0242
1.23 0.02645
1.24 0.0288
1.25 0.03125
1.26 0.0338
1.27 0.03645
1.28 0.0392
1.29 0.04205
1.3 0.045
1.31 0.04805
1.32 0.0512
1.33 0.05445
1.34 0.0578
1.35 0.06125
1.36 0.0648
1.37 0.06845
1.38 0.0722
1.39 0.07605
1.4 0.08
1.41 0.08405
1.42 0.0882
1.43 0.09245
1.44 0.0968
1.45 0.10125
1.46 0.1058
1.47 0.11045
1.48 0.1152
1.49 0.12005
1.5 0.125
1.51 0.13005
1.52 0.1352
1.53 0.14045
1.54 0.1458
1.55 0.15125
1.56 0.1568
1.57 0.16245
1.58 0.1682
1.59 0.17405
1.6 0.18
1.61 0.18605
1.62 0.1922
1.63 0.19845
1.64 0.2048
1.65 0.21125
1.66 0.2178
1.67 0.22445
1.68 0.2312
1.69 0.23805
1.7 0.245
1.71 0.25205
1.72 0.2592
1.73 0.26645
1.74 0.2738
1.75 0.28125
1.76 0.2888
1.77 0.29645
1.78 0.3042
1.79 0.31205
1.8 0.32
1.81 0.32805
1.82 0.3362
1.83 0.34445
1.84 0.3528
1.85 0.36125
1.86 0.3698
1.87 0.37845
1.88 0.3872
1.89 0.39605
1.9 0.405
1.91 0.41405
1.92 0.4232
1.93 0.43245
1.94 0.4418
1.95 0.45125
1.96 0.4608
1.97 0.47045
1.98 0.4802
1.99 0.49005
2 0.5
2.01 0.5099
2.02 0.5196
2.03 0.5291
2.04 0.5384
2.05 0.5475
2.06 0.5564
2.07 0.5651
2.08 0.5736
2.09 0.5819
2.1 0.59
2.11 0.5979
2.12 0.6056
2.13 0.6131
2.14 0.6204
2.15 0.6275
2.16 0.6344
2.17 0.6411
2.18 0.6476
2.19 0.6539
2.2 0.66
2.21 0.6659
2.22 0.6716
2.23 0.6771
2.24 0.6824
2.25 0.6875
2.26 0.6924
2.27 0.6971
2.28 0.7016
2.29 0.7059
2.3 0.71
2.31 0.7139
2.32 0.7176
2.33 0.7211
2.34 0.7244
2.35 0.7275
2.36 0.7304
2.37 0.7331
2.38 0.7356
2.39 0.7379
2.4 0.74
2.41 0.7419
2.42 0.7436
2.43 0.7451
2.44 0.7464
2.45 0.7475
2.46 0.7484
2.47 0.7491
2.48 0.7496
2.49 0.7499
2.5 0.75
2.51 0.7499
2.52 0.7496
2.53 0.7491
2.54 0.7484
2.55 0.7475
2.56 0.7464
2.57 0.7451
2.58 0.7436
2.59 0.7419
2.6 0.74
2.61 0.7379
2.62 0.7356
2.63 0.7331
2.64 0.7304
2.65 0.7275
2.66 0.7244
2.67 0.7211
2.68 0.7176
2.69 0.7139
2.7 0.71
2.71 0.7059
2.72 0.7016
2.73 0.6971
2.74 0.6924
2.75 0.6875
2.76 0.6824
2.77 0.6771
2.78 0.6716
2.79 0.6659
2.8 0.66
2.81 0.6539
2.82 0.6476
2.83 0.6411
2.84 0.6344
2.85 0.6275
2.86 0.6204
2.87 0.6131
2.88 0.6056
2.89 0.5979
2.9 0.59
2.91 0.5819
2.92 0.5736
2.93 0.5651
2.94 0.5564
2.95 0.5475
2.96 0.5384
2.97 0.5291
2.98 0.5196
2.99 0.5099
3 0.5
3.01 0.49005
3.02 0.4802
3.03 0.47045
3.04 0.4608
3.05 0.45125
3.06 0.4418
3.07 0.43245
3.08 0.4232
3.09 0.41405
3.1 0.405
3.11 0.39605
3.12 0.3872
3.13 0.37845
3.14 0.3698
3.15 0.36125
3.16 0.3528
3.17 0.34445
3.18 0.3362
3.19 0.32805
3.2 0.32
3.21 0.31205
3.22 0.3042
3.23 0.29645
3.24 0.2888
3.25 0.28125
3.26 0.2738
3.27 0.26645
3.28 0.2592
3.29 0.25205
3.3 0.245
3.31 0.23805
3.32 0.2312
3.33 0.22445
3.34 0.2178
3.35 0.21125
3.36 0.2048
3.37 0.19845
3.38 0.1922
3.39 0.18605
3.4 0.18
3.41 0.17405
3.42 0.1682
3.43 0.16245
3.44 0.1568
3.45 0.15125
3.46 0.1458
3.47 0.14045
3.48 0.1352
3.49 0.13005
3.5 0.125
3.51 0.12005
3.52 0.1152
3.53 0.11045
3.54 0.1058
3.55 0.10125
3.56 0.0968
3.57 0.09245
3.58 0.0882
3.59 0.08405
3.6 0.08
3.61 0.07605
3.62 0.0722
3.63 0.06845
3.64 0.0648
3.65 0.06125
3.66 0.0578
3.67 0.05445
3.68 0.0512
3.69 0.04805
3.7 0.045
3.71 0.04205
3.72 0.0392
3.73 0.03645
3.74 0.0338
3.75 0.03125
3.76 0.0288
3.77 0.02645
3.78 0.0242
3.79 0.02205
3.8 0.02
3.81 0.01805
3.82 0.0162
3.83 0.01445
3.84 0.0128
3.85 0.01125
3.86 0.0098
3.87 0.00845
3.88 0.0072
3.89 0.00605
3.9 0.005
3.91 0.00405
3.92 0.0032
3.93 0.00245
3.94 0.0018
3.95 0.00125
3.96 0.0008
3.97 0.00045
3.98 0.0002
3.99 5e-05
4 8.52857e-28
