0 6.67
0.1 6.11438
0.2 5.6159
0.3 5.17211
0.4 4.78061
0.5 4.43908
0.6 4.14525
0.7 3.89691
0.8 3.69191
0.9 3.52816
1 3.40363
1.1 3.31632
1.2 3.26431
1.3 3.24574
1.4 3.25878
1.5 3.30167
1.6 3.37269
1.7 3.47017
1.8 3.59251
1.9 3.73813
2 3.90551
2.1 4.09319
2.2 4.29974
2.3 4.52378
2.4 4.76397
2.5 5.01903
2.6 5.2877
2.7 5.56879
2.8 5.86113
2.9 6.1636
3 6.47512
3.1 6.79463
3.2 7.12115
3.3 7.45369
3.4 7.79135
3.5 8.13321
3.6 8.47842
3.7 8.82617
3.8 9.17566
3.9 9.52615
4 9.8769
4.1 10.2272
4.2 10.5765
4.3 10.924
4.4 11.2693
4.5 11.6117
4.6 11.9506
4.7 12.2857
4.8 12.6163
4.9 12.9421
5 13.2626
5.1 13.5775
5.2 13.8862
5.3 14.1885
5.4 14.4841
5.5 14.7726
5.6 15.0538
5.7 15.3273
5.8 15.593
5.9 15.8507
6 16.1
6.1 16.3409
6.2 16.5732
6.3 16.7967
6.4 17.0113
6.5 17.2169
6.6 17.4134
6.7 17.6008
6.8 17.7789
6.9 17.9478
7 18.1074
7.1 18.2576
7.2 18.3986
7.3 18.5302
7.4 18.6526
7.5 18.7657
7.6 18.8697
7.7 18.9645
7.8 19.0502
7.9 19.127
8 19.1949
8.1 19.254
8.2 19.3045
8.3 19.3463
8.4 19.3798
8.5 19.405
8.6 19.422
8.7 19.4311
8.8 19.4323
8.9 19.4258
9 19.4118
9.1 19.3905
9.2 19.3621
9.3 19.3266
9.4 19.2844
9.5 19.2357
9.6 19.1805
9.7 19.1191
9.8 19.0518
9.9 18.9787
10 18.9
10.1 18.816
10.2 18.7268
10.3 18.6326
10.4 18.5338
10.5 18.4305
10.6 18.3228
10.7 18.2111
10.8 18.0956
10.9 17.9764
11 17.8537
11.1 17.7279
11.2 17.5991
11.3 17.4675
11.4 17.3333
11.5 17.1968
11.6 17.0581
11.7 16.9175
11.8 16.7751
11.9 16.6312
12 16.4859
12.1 16.3394
12.2 16.1921
12.3 16.0439
12.4 15.8951
12.5 15.746
12.6 15.5966
12.7 15.4471
12.8 15.2977
12.9 15.1486
13 15
13.1 14.8519
13.2 14.7046
13.3 14.5582
13.4 14.4128
13.5 14.2685
13.6 14.1256
13.7 13.984
13.8 13.844
13.9 13.7057
14 13.5691
14.1 13.4343
14.2 13.3016
14.3 13.1709
14.4 13.0423
14.5 12.916
14.6 12.792
14.7 12.6703
14.8 12.5511
14.9 12.4343
15 12.3202
15.1 12.2086
15.2 12.0996
15.3 11.9933
15.4 11.8897
15.5 11.7888
15.6 11.6907
15.7 11.5953
15.8 11.5026
15.9 11.4127
16 11.3256
16.1 11.2411
16.2 11.1594
16.3 11.0804
16.4 11.0041
16.5 10.9304
16.6 10.8593
16.7 10.7908
16.8 10.7248
16.9 10.6612
17 10.6
17.1 10.5412
17.2 10.4846
17.3 10.4302
17.4 10.3779
17.5 10.3277
17.6 10.2795
17.7 10.2331
17.8 10.1885
17.9 10.1456
18 10.1042
18.1 10.0644
18.2 10.0259
18.3 9.98874
18.4 9.95272
18.5 9.91776
18.6 9.88374
18.7 9.85055
18.8 9.81808
18.9 9.78619
19 9.75478
19.1 9.72372
19.2 9.69289
19.3 9.66217
19.4 9.63143
19.5 9.60057
19.6 9.56944
19.7 9.53794
19.8 9.50595
19.9 9.47334
20 9.44
20.1 9.40581
20.2 9.37067
20.3 9.33445
20.4 9.29705
20.5 9.25837
20.6 9.21831
20.7 9.17677
20.8 9.13365
20.9 9.08888
21 9.04235
21.1 8.994
21.2 8.94375
21.3 8.89154
21.4 8.83731
21.5 8.78099
21.6 8.72255
21.7 8.66195
21.8 8.59916
21.9 8.53414
22 8.4669
22.1 8.39743
22.2 8.32572
22.3 8.25181
22.4 8.17571
22.5 8.09746
22.6 8.01711
22.7 7.93472
22.8 7.85037
22.9 7.76414
23 7.67613
23.1 7.58646
23.2 7.49525
23.3 7.40265
23.4 7.30882
23.5 7.21393
23.6 7.11818
23.7 7.02176
23.8 6.92491
23.9 6.82788
24 6.73092
24.1 6.63432
24.2 6.53838
24.3 6.44342
24.4 6.34979
24.5 6.25785
24.6 6.16798
24.7 6.08061
24.8 5.99615
24.9 5.91507
25 5.83785
25.1 5.765
25.2 5.69704
25.3 5.63455
25.4 5.5781
25.5 5.5283
25.6 5.4858
25.7 5.45128
25.8 5.42543
25.9 5.40898
26 5.40269
26.1 5.40737
26.2 5.42382
26.3 5.45293
26.4 5.49557
26.5 5.55268
26.6 5.62521
26.7 5.71418
26.8 5.8206
26.9 5.94556
27 6.09017
27.1 6.25558
27.2 6.44297
27.3 6.65357
27.4 6.88867
27.5 7.14956
27.6 7.43761
27.7 7.75421
27.8 8.10081
27.9 8.47889
