-1 0.0370158
-0.99 0.0406152
-0.98 0.0409588
-0.97 0.040476
-0.96 0.0403133
-0.95 0.0408487
-0.94 0.042043
-0.93 0.0436711
-0.92 0.0454639
-0.91 0.0471885
-0.9 0.0486852
-0.89 0.0498764
-0.88 0.0507587
-0.87 0.0513863
-0.86 0.0518507
-0.85 0.0522609
-0.84 0.0527263
-0.83 0.0533436
-0.82 0.0541871
-0.81 0.0553042
-0.8 0.0567135
-0.79 0.0584069
-0.78 0.0603532
-0.77 0.0625035
-0.76 0.0647973
-0.75 0.0671692
-0.74 0.0695548
-0.73 0.071896
-0.72 0.0741456
-0.71 0.0762701
-0.7 0.0782521
-0.69 0.080091
-0.68 0.0818021
-0.67 0.083416
-0.66 0.0849756
-0.65 0.0865337
-0.64 0.0881496
-0.63 0.0898858
-0.62 0.091804
-0.61 0.0939625
-0.6 0.0964129
-0.59 0.0991977
-0.58 0.102348
-0.57 0.105884
-0.56 0.109812
-0.55 0.114126
-0.54 0.118807
-0.53 0.123827
-0.52 0.129149
-0.51 0.134731
-0.5 0.140523
-0.49 0.14648
-0.48 0.152555
-0.47 0.158707
-0.46 0.164904
-0.45 0.171124
-0.44 0.177357
-0.43 0.183609
-0.42 0.189899
-0.41 0.196266
-0.4 0.202763
-0.39 0.209461
-0.38 0.216447
-0.37 0.223818
-0.36 0.231687
-0.35 0.240175
-0.34 0.249407
-0.33 0.259513
-0.32 0.270621
-0.31 0.282856
-0.3 0.296333
-0.29 0.311155
-0.28 0.327409
-0.27 0.345165
-0.26 0.364466
-0.25 0.385335
-0.24 0.407764
-0.23 0.431716
-0.22 0.457125
-0.21 0.483894
-0.2 0.511895
-0.19 0.540967
-0.18 0.570925
-0.17 0.601555
-0.16 0.632617
-0.15 0.663854
-0.14 0.694989
-0.13 0.725731
-0.12 0.755784
-0.11 0.784842
-0.1 0.812606
-0.09 0.838777
-0.08 0.863071
-0.07 0.885215
-0.06 0.904958
-0.05 0.922073
-0.04 0.936362
-0.03 0.947655
-0.02 0.955819
-0.01 0.960757
7.5287e-16 0.96241
0.01 0.960757
0.02 0.955819
0.03 0.947655
0.04 0.936362
0.05 0.922073
0.06 0.904958
0.07 0.885215
0.08 0.863071
0.09 0.838777
0.1 0.812606
0.11 0.784842
0.12 0.755784
0.13 0.725731
0.14 0.694989
0.15 0.663854
0.16 0.632617
0.17 0.601555
0.18 0.570925
0.19 0.540967
0.2 0.511895
0.21 0.483894
0.22 0.457125
0.23 0.431716
0.24 0.407764
0.25 0.385335
0.26 0.364466
0.27 0.345165
0.28 0.327409
0.29 0.311155
0.3 0.296333
0.31 0.282856
0.32 0.270621
0.33 0.259513
0.34 0.249407
0.35 0.240175
0.36 0.231687
0.37 0.223818
0.38 0.216447
0.39 0.209461
0.4 0.202763
0.41 0.196266
0.42 0.189899
0.43 0.183609
0.44 0.177357
0.45 0.171124
0.46 0.164904
0.47 0.158707
0.48 0.152555
0.49 0.14648
0.5 0.140523
0.51 0.134731
0.52 0.129149
0.53 0.123827
0.54 0.118807
0.55 0.114126
0.56 0.109812
0.57 0.105884
0.58 0.102348
0.59 0.0991977
0.6 0.0964129
0.61 0.0939625
0.62 0.091804
0.63 0.0898858
0.64 0.0881496
0.65 0.0865337
0.66 0.0849756
0.67 0.083416
0.68 0.0818021
0.69 0.080091
0.7 0.0782521
0.71 0.0762701
0.72 0.0741456
0.73 0.071896
0.74 0.0695548
0.75 0.0671692
0.76 0.0647973
0.77 0.0625035
0.78 0.0603532
0.79 0.0584069
0.8 0.0567135
0.81 0.0553042
0.82 0.0541871
0.83 0.0533436
0.84 0.0527263
0.85 0.0522609
0.86 0.0518507
0.87 0.0513863
0.88 0.0507587
0.89 0.0498764
0.9 0.0486852
0.91 0.0471885
0.92 0.0454639
0.93 0.0436711
0.94 0.042043
0.95 0.0408487
0.96 0.0403133
0.97 0.040476
0.98 0.0409588
0.99 0.0406152
