-1 0.0188822
-0.99 0.0495797
-0.98 0.0597455
-0.97 0.0580303
-0.96 0.0505397
-0.95 0.0413937
-0.94 0.0331899
-0.93 0.0273861
-0.92 0.0246101
-0.91 0.0249111
-0.9 0.0279571
-0.89 0.0331902
-0.88 0.0399442
-0.87 0.0475317
-0.86 0.0553059
-0.85 0.0627024
-0.84 0.0692637
-0.83 0.0746512
-0.82 0.0786474
-0.81 0.0811499
-0.8 0.0821608
-0.79 0.0817727
-0.78 0.0801515
-0.77 0.0775196
-0.76 0.0741385
-0.75 0.0702922
-0.74 0.0662719
-0.73 0.0623625
-0.72 0.0588312
-0.71 0.0559176
-0.7 0.0538264
-0.69 0.0527224
-0.68 0.0527266
-0.67 0.0539154
-0.66 0.0563202
-0.65 0.0599296
-0.64 0.0646923
-0.63 0.0705212
-0.62 0.0772983
-0.61 0.0848801
-0.6 0.093104
-0.59 0.101794
-0.58 0.110768
-0.57 0.119842
-0.56 0.128837
-0.55 0.137585
-0.54 0.145934
-0.53 0.15375
-0.52 0.160924
-0.51 0.167372
-0.5 0.173039
-0.49 0.177898
-0.48 0.181956
-0.47 0.185247
-0.46 0.187835
-0.45 0.189816
-0.44 0.191306
-0.43 0.19245
-0.42 0.193409
-0.41 0.194366
-0.4 0.195512
-0.39 0.19705
-0.38 0.199189
-0.37 0.202137
-0.36 0.206098
-0.35 0.211271
-0.34 0.21784
-0.33 0.225975
-0.32 0.235828
-0.31 0.247527
-0.3 0.261175
-0.29 0.276848
-0.28 0.294593
-0.27 0.314423
-0.26 0.336323
-0.25 0.360243
-0.24 0.386099
-0.23 0.413779
-0.22 0.443136
-0.21 0.473996
-0.2 0.506156
-0.19 0.539388
-0.18 0.573443
-0.17 0.608049
-0.16 0.642922
-0.15 0.677761
-0.14 0.712261
-0.13 0.746109
-0.12 0.778992
-0.11 0.8106
-0.1 0.84063
-0.09 0.868791
-0.08 0.894807
-0.07 0.918419
-0.06 0.939391
-0.05 0.957511
-0.04 0.972596
-0.03 0.984493
-0.02 0.993078
-0.01 0.998265
7.5287e-16 1
0.01 0.998265
0.02 0.993078
0.03 0.984493
0.04 0.972596
0.05 0.957511
0.06 0.939391
0.07 0.918419
0.08 0.894807
0.09 0.868791
0.1 0.84063
0.11 0.8106
0.12 0.778992
0.13 0.746109
0.14 0.712261
0.15 0.677761
0.16 0.642922
0.17 0.608049
0.18 0.573443
0.19 0.539388
0.2 0.506156
0.21 0.473996
0.22 0.443136
0.23 0.413779
0.24 0.386099
0.25 0.360242
0.26 0.336323
0.27 0.314423
0.28 0.294593
0.29 0.276848
0.3 0.261175
0.31 0.247527
0.32 0.235828
0.33 0.225975
0.34 0.21784
0.35 0.211271
0.36 0.206098
0.37 0.202137
0.38 0.199189
0.39 0.19705
0.4 0.195512
0.41 0.194366
0.42 0.193409
0.43 0.19245
0.44 0.191306
0.45 0.189816
0.46 0.187835
0.47 0.185247
0.48 0.181956
0.49 0.177898
0.5 0.173039
0.51 0.167372
0.52 0.160924
0.53 0.15375
0.54 0.145934
0.55 0.137585
0.56 0.128837
0.57 0.119842
0.58 0.110768
0.59 0.101794
0.6 0.093104
0.61 0.0848801
0.62 0.0772983
0.63 0.0705212
0.64 0.0646923
0.65 0.0599296
0.66 0.0563202
0.67 0.0539154
0.68 0.0527266
0.69 0.0527224
0.7 0.0538264
0.71 0.0559176
0.72 0.0588312
0.73 0.0623625
0.74 0.0662719
0.75 0.0702922
0.76 0.0741385
0.77 0.0775196
0.78 0.0801515
0.79 0.0817727
0.8 0.0821608
0.81 0.0811499
0.82 0.0786474
0.83 0.0746512
0.84 0.0692637
0.85 0.0627024
0.86 0.0553059
0.87 0.0475317
0.88 0.0399442
0.89 0.0331902
0.9 0.0279571
0.91 0.0249111
0.92 0.0246101
0.93 0.0273861
0.94 0.0331899
0.95 0.0413937
0.96 0.0505397
0.97 0.0580303
0.98 0.0597455
0.99 0.0495797
