-5 0.0384615
-4.9 -0.47806
-4.8 -0.79424
-4.7 -0.955458
-4.6 -1.00005
-4.5 -0.960063
-4.4 -0.861986
-4.3 -0.727385
-4.2 -0.573514
-4.1 -0.413871
-4 -0.258703
-3.9 -0.115472
-3.8 0.0107233
-3.7 0.116764
-3.6 0.201167
-3.5 0.263777
-3.4 0.305486
-3.3 0.32799
-3.2 0.333572
-3.1 0.324914
-3 0.304934
-2.9 0.276645
-2.8 0.243037
-2.7 0.206978
-2.6 0.17114
-2.5 0.137931
-2.4 0.109452
-2.3 0.0874618
-2.2 0.0733603
-2.1 0.0681762
-2 0.0725705
-1.9 0.0868451
-1.8 0.110961
-1.7 0.14456
-1.6 0.186997
-1.5 0.237372
-1.4 0.294562
-1.3 0.357268
-1.2 0.42405
-1.1 0.493367
-1 0.563623
-0.9 0.633205
-0.8 0.700518
-0.7 0.764029
-0.6 0.822297
-0.5 0.874004
-0.4 0.917987
-0.3 0.95326
-0.2 0.979032
-0.1 0.994729
-1.02696e-15 1
0.1 0.994729
0.2 0.979032
0.3 0.95326
0.4 0.917987
0.5 0.874004
0.6 0.822297
0.7 0.764029
0.8 0.700518
0.9 0.633205
1 0.563623
1.1 0.493367
1.2 0.42405
1.3 0.357268
1.4 0.294562
1.5 0.237372
1.6 0.186997
1.7 0.14456
1.8 0.110961
1.9 0.0868451
2 0.0725705
2.1 0.0681762
2.2 0.0733603
2.3 0.0874618
2.4 0.109452
2.5 0.137931
2.6 0.17114
2.7 0.206978
2.8 0.243037
2.9 0.276645
3 0.304934
3.1 0.324914
3.2 0.333572
3.3 0.32799
3.4 0.305486
3.5 0.263777
3.6 0.201167
3.7 0.116764
3.8 0.0107233
3.9 -0.115472
4 -0.258703
4.1 -0.413871
4.2 -0.573514
4.3 -0.727385
4.4 -0.861986
4.5 -0.960063
4.6 -1.00005
4.7 -0.955458
4.8 -0.79424
4.9 -0.47806
5 0.0384615
