0 6.67
0.1 2.52949
0.2 -1.29783
0.3 -4.82419
0.4 -8.06151
0.5 -11.0215
0.6 -13.7154
0.7 -16.1543
0.8 -18.349
0.9 -20.3101
1 -22.0477
1.1 -23.5718
1.2 -24.8922
1.3 -26.0182
1.4 -26.959
1.5 -27.7235
1.6 -28.3206
1.7 -28.7585
1.8 -29.0454
1.9 -29.1894
2 -29.1982
2.1 -29.0792
2.2 -28.8397
2.3 -28.4869
2.4 -28.0274
2.5 -27.468
2.6 -26.815
2.7 -26.0747
2.8 -25.2531
2.9 -24.356
3 -23.3889
3.1 -22.3574
3.2 -21.2666
3.3 -20.1215
3.4 -18.9272
3.5 -17.6882
3.6 -16.4091
3.7 -15.0942
3.8 -13.7477
3.9 -12.3736
4 -10.9758
4.1 -9.55795
4.2 -8.12366
4.3 -6.6763
4.4 -5.21911
4.5 -3.75521
4.6 -2.28756
4.7 -0.818992
4.8 0.647799
4.9 2.11025
5 3.56592
5.1 5.01251
5.2 6.44783
5.3 7.8698
5.4 9.27648
5.5 10.666
5.6 12.0367
5.7 13.3869
5.8 14.7151
5.9 16.0199
6 17.3
6.1 18.5541
6.2 19.7812
6.3 20.9802
6.4 22.1502
6.5 23.2902
6.6 24.3996
6.7 25.4777
6.8 26.5238
6.9 27.5373
7 28.5179
7.1 29.4652
7.2 30.3788
7.3 31.2584
7.4 32.104
7.5 32.9152
7.6 33.6922
7.7 34.4348
7.8 35.1431
7.9 35.8172
8 36.4573
8.1 37.0635
8.2 37.6361
8.3 38.1754
8.4 38.6817
8.5 39.1554
8.6 39.5968
8.7 40.0065
8.8 40.3849
8.9 40.7325
9 41.0499
9.1 41.3377
9.2 41.5963
9.3 41.8266
9.4 42.0291
9.5 42.2045
9.6 42.3535
9.7 42.4768
9.8 42.5752
9.9 42.6493
10 42.7
10.1 42.728
10.2 42.7342
10.3 42.7192
10.4 42.684
10.5 42.6292
10.6 42.5558
10.7 42.4646
10.8 42.3564
10.9 42.232
11 42.0922
11.1 41.9379
11.2 41.7698
11.3 41.5889
11.4 41.3959
11.5 41.1916
11.6 40.9769
11.7 40.7525
11.8 40.5193
11.9 40.2779
12 40.0293
12.1 39.774
12.2 39.513
12.3 39.2469
12.4 38.9764
12.5 38.7022
12.6 38.4251
12.7 38.1456
12.8 37.8645
12.9 37.5825
13 37.3
13.1 37.0178
13.2 36.7363
13.3 36.4562
13.4 36.178
13.5 35.9023
13.6 35.6294
13.7 35.36
13.8 35.0944
13.9 34.8331
14 34.5765
14.1 34.325
14.2 34.079
14.3 33.8387
14.4 33.6045
14.5 33.3767
14.6 33.1556
14.7 32.9413
14.8 32.7342
14.9 32.5344
15 32.342
15.1 32.1572
15.2 31.9802
15.3 31.811
15.4 31.6496
15.5 31.4962
15.6 31.3507
15.7 31.2132
15.8 31.0835
15.9 30.9617
16 30.8476
16.1 30.7412
16.2 30.6424
16.3 30.5509
16.4 30.4666
16.5 30.3893
16.6 30.3189
16.7 30.255
16.8 30.1974
16.9 30.1458
17 30.1
17.1 30.0596
17.2 30.0242
17.3 29.9936
17.4 29.9673
17.5 29.945
17.6 29.9262
17.7 29.9106
17.8 29.8976
17.9 29.887
18 29.8781
18.1 29.8705
18.2 29.8638
18.3 29.8575
18.4 29.851
18.5 29.8439
18.6 29.8355
18.7 29.8255
18.8 29.8133
18.9 29.7983
19 29.78
19.1 29.7579
19.2 29.7315
19.3 29.7002
19.4 29.6634
19.5 29.6207
19.6 29.5716
19.7 29.5154
19.8 29.4518
19.9 29.3801
20 29.3
20.1 29.2109
20.2 29.1124
20.3 29.004
20.4 28.8853
20.5 28.7558
20.6 28.6153
20.7 28.4632
20.8 28.2993
20.9 28.1232
21 27.9347
21.1 27.7334
21.2 27.5191
21.3 27.2916
21.4 27.0508
21.5 26.7964
21.6 26.5285
21.7 26.2468
21.8 25.9515
21.9 25.6425
22 25.3198
22.1 24.9837
22.2 24.6343
22.3 24.2717
22.4 23.8963
22.5 23.5084
22.6 23.1083
22.7 22.6966
22.8 22.2736
22.9 21.8401
23 21.3966
23.1 20.9439
23.2 20.4827
23.3 20.0138
23.4 19.5383
23.5 19.0571
23.6 18.5714
23.7 18.0823
23.8 17.591
23.9 17.099
24 16.6077
24.1 16.1186
24.2 15.6335
24.3 15.1539
24.4 14.6818
24.5 14.2192
24.6 13.768
24.7 13.3305
24.8 12.9089
24.9 12.5058
25 12.1235
25.1 11.7647
25.2 11.4323
25.3 11.1291
25.4 10.8582
25.5 10.6227
25.6 10.4259
25.7 10.2714
25.8 10.1627
25.9 10.1035
26 10.0978
26.1 10.1496
26.2 10.2631
26.3 10.4427
26.4 10.693
26.5 11.0186
26.6 11.4245
26.7 11.9156
26.8 12.4972
26.9 13.1748
27 13.9539
27.1 14.8403
27.2 15.84
27.3 16.9591
27.4 18.2041
27.5 19.5815
27.6 21.0981
27.7 22.761
27.8 24.5773
27.9 26.5544
