-5 0.0384615
-4.9 -0.0495618
-4.8 -0.125721
-4.7 -0.190633
-4.6 -0.244904
-4.5 -0.289125
-4.4 -0.323875
-4.3 -0.349721
-4.2 -0.367217
-4.1 -0.376904
-4 -0.37931
-3.9 -0.374952
-3.8 -0.364331
-3.7 -0.347938
-3.6 -0.326251
-3.5 -0.299735
-3.4 -0.26884
-3.3 -0.234007
-3.2 -0.195663
-3.1 -0.15422
-3 -0.11008
-2.9 -0.0636308
-2.8 -0.0152488
-2.7 0.0347034
-2.6 0.0858759
-2.5 0.137931
-2.4 0.190544
-2.3 0.243404
-2.2 0.29621
-2.1 0.348677
-2 0.400531
-1.9 0.45151
-1.8 0.501367
-1.7 0.549865
-1.6 0.596783
-1.5 0.64191
-1.4 0.685048
-1.3 0.726014
-1.2 0.764634
-1.1 0.800751
-1 0.834218
-0.9 0.8649
-0.8 0.892677
-0.7 0.917441
-0.6 0.939096
-0.5 0.95756
-0.4 0.972762
-0.3 0.984645
-0.2 0.993165
-0.1 0.99829
-1.02696e-15 1
0.1 0.99829
0.2 0.993165
0.3 0.984645
0.4 0.972762
0.5 0.95756
0.6 0.939096
0.7 0.917441
0.8 0.892677
0.9 0.8649
1 0.834218
1.1 0.800751
1.2 0.764634
1.3 0.726014
1.4 0.685048
1.5 0.64191
1.6 0.596783
1.7 0.549865
1.8 0.501367
1.9 0.45151
2 0.400531
2.1 0.348677
2.2 0.29621
2.3 0.243404
2.4 0.190544
2.5 0.137931
2.6 0.0858759
2.7 0.0347034
2.8 -0.0152488
2.9 -0.0636308
3 -0.11008
3.1 -0.15422
3.2 -0.195663
3.3 -0.234007
3.4 -0.26884
3.5 -0.299735
3.6 -0.326251
3.7 -0.347938
3.8 -0.364331
3.9 -0.374952
4 -0.37931
4.1 -0.376904
4.2 -0.367217
4.3 -0.349721
4.4 -0.323875
4.5 -0.289125
4.6 -0.244904
4.7 -0.190633
4.8 -0.125721
4.9 -0.0495618
5 0.0384615
