-1 0.203516
-0.99 0.165798
-0.98 0.130602
-0.97 0.0978627
-0.96 0.067516
-0.95 0.0394981
-0.94 0.0137461
-0.93 -0.00980222
-0.92 -0.0312086
-0.91 -0.0505339
-0.9 -0.0678385
-0.89 -0.0831821
-0.88 -0.0966236
-0.87 -0.108221
-0.86 -0.118033
-0.85 -0.126116
-0.84 -0.132526
-0.83 -0.137319
-0.82 -0.14055
-0.81 -0.142274
-0.8 -0.142543
-0.79 -0.141412
-0.78 -0.138933
-0.77 -0.135157
-0.76 -0.130135
-0.75 -0.123919
-0.74 -0.116557
-0.73 -0.108098
-0.72 -0.0985923
-0.71 -0.0880862
-0.7 -0.0766273
-0.69 -0.064262
-0.68 -0.0510361
-0.67 -0.0369948
-0.66 -0.0221825
-0.65 -0.00664309
-0.64 0.00958023
-0.63 0.026445
-0.62 0.0439093
-0.61 0.0619319
-0.6 0.0804724
-0.59 0.0994908
-0.58 0.118948
-0.57 0.138805
-0.56 0.159025
-0.55 0.179569
-0.54 0.200403
-0.53 0.221488
-0.52 0.242791
-0.51 0.264276
-0.5 0.28591
-0.49 0.30766
-0.48 0.329492
-0.47 0.351375
-0.46 0.373278
-0.45 0.39517
-0.44 0.41702
-0.43 0.4388
-0.42 0.460481
-0.41 0.482034
-0.4 0.503433
-0.39 0.524651
-0.38 0.545662
-0.37 0.566439
-0.36 0.58696
-0.35 0.607199
-0.34 0.627134
-0.33 0.64674
-0.32 0.665998
-0.31 0.684884
-0.3 0.703378
-0.29 0.721461
-0.28 0.739112
-0.27 0.756313
-0.26 0.773045
-0.25 0.789292
-0.24 0.805036
-0.23 0.820262
-0.22 0.834953
-0.21 0.849096
-0.2 0.862675
-0.19 0.875678
-0.18 0.888091
-0.17 0.899902
-0.16 0.9111
-0.15 0.921673
-0.14 0.931613
-0.13 0.940908
-0.12 0.949551
-0.11 0.957532
-0.1 0.964845
-0.09 0.971482
-0.08 0.977437
-0.07 0.982705
-0.06 0.987281
-0.05 0.99116
-0.04 0.994338
-0.03 0.996814
-0.02 0.998583
-0.01 0.999646
7.5287e-16 1
0.01 0.999646
0.02 0.998583
0.03 0.996814
0.04 0.994338
0.05 0.99116
0.06 0.987281
0.07 0.982705
0.08 0.977437
0.09 0.971482
0.1 0.964845
0.11 0.957532
0.12 0.949551
0.13 0.940908
0.14 0.931613
0.15 0.921673
0.16 0.9111
0.17 0.899902
0.18 0.888091
0.19 0.875678
0.2 0.862675
0.21 0.849096
0.22 0.834953
0.23 0.820262
0.24 0.805036
0.25 0.789292
0.26 0.773045
0.27 0.756313
0.28 0.739112
0.29 0.721461
0.3 0.703378
0.31 0.684884
0.32 0.665998
0.33 0.64674
0.34 0.627134
0.35 0.607199
0.36 0.58696
0.37 0.566439
0.38 0.545662
0.39 0.524651
0.4 0.503433
0.41 0.482034
0.42 0.460481
0.43 0.4388
0.44 0.41702
0.45 0.39517
0.46 0.373278
0.47 0.351375
0.48 0.329492
0.49 0.30766
0.5 0.28591
0.51 0.264276
0.52 0.242791
0.53 0.221488
0.54 0.200403
0.55 0.179569
0.56 0.159025
0.57 0.138805
0.58 0.118948
0.59 0.0994908
0.6 0.0804724
0.61 0.0619319
0.62 0.0439093
0.63 0.026445
0.64 0.00958023
0.65 -0.00664309
0.66 -0.0221825
0.67 -0.0369948
0.68 -0.0510361
0.69 -0.064262
0.7 -0.0766273
0.71 -0.0880862
0.72 -0.0985923
0.73 -0.108098
0.74 -0.116557
0.75 -0.123919
0.76 -0.130135
0.77 -0.135157
0.78 -0.138933
0.79 -0.141412
0.8 -0.142543
0.81 -0.142274
0.82 -0.14055
0.83 -0.137319
0.84 -0.132526
0.85 -0.126116
0.86 -0.118033
0.87 -0.108221
0.88 -0.0966236
0.89 -0.0831821
0.9 -0.0678385
0.91 -0.0505339
0.92 -0.0312086
0.93 -0.00980222
0.94 0.0137461
0.95 0.0394981
0.96 0.067516
0.97 0.0978627
0.98 0.130602
0.99 0.165798
