-5 0.0384615
-4.9 0.0765385
-4.8 0.113846
-4.7 0.150385
-4.6 0.186154
-4.5 0.221154
-4.4 0.255385
-4.3 0.288846
-4.2 0.321538
-4.1 0.353462
-4 0.384615
-3.9 0.415
-3.8 0.444615
-3.7 0.473462
-3.6 0.501538
-3.5 0.528846
-3.4 0.555385
-3.3 0.581154
-3.2 0.606154
-3.1 0.630385
-3 0.653846
-2.9 0.676538
-2.8 0.698462
-2.7 0.719615
-2.6 0.74
-2.5 0.759615
-2.4 0.778462
-2.3 0.796538
-2.2 0.813846
-2.1 0.830385
-2 0.846154
-1.9 0.861154
-1.8 0.875385
-1.7 0.888846
-1.6 0.901538
-1.5 0.913462
-1.4 0.924615
-1.3 0.935
-1.2 0.944615
-1.1 0.953462
-1 0.961538
-0.9 0.968846
-0.8 0.975385
-0.7 0.981154
-0.6 0.986154
-0.5 0.990385
-0.4 0.993846
-0.3 0.996538
-0.2 0.998462
-0.1 0.999615
-1.02696e-15 1
0.1 0.999615
0.2 0.998462
0.3 0.996538
0.4 0.993846
0.5 0.990385
0.6 0.986154
0.7 0.981154
0.8 0.975385
0.9 0.968846
1 0.961538
1.1 0.953462
1.2 0.944615
1.3 0.935
1.4 0.924615
1.5 0.913462
1.6 0.901538
1.7 0.888846
1.8 0.875385
1.9 0.861154
2 0.846154
2.1 0.830385
2.2 0.813846
2.3 0.796538
2.4 0.778462
2.5 0.759615
2.6 0.74
2.7 0.719615
2.8 0.698462
2.9 0.676538
3 0.653846
3.1 0.630385
3.2 0.606154
3.3 0.581154
3.4 0.555385
3.5 0.528846
3.6 0.501538
3.7 0.473462
3.8 0.444615
3.9 0.415
4 0.384615
4.1 0.353462
4.2 0.321538
4.3 0.288846
4.4 0.255385
4.5 0.221154
4.6 0.186154
4.7 0.150385
4.8 0.113846
4.9 0.0765385
5 0.0384615
